# time totalContactTime
1.1000 50.6000
2.1000 96.6000
3.1000 142.6000
4.1000 188.6000
5.2000 239.2000
6.3000 289.8000
7.4000 340.4000
8.5000 391.0000
9.6000 441.6000
10.7000 492.2000
11.8000 542.8000
12.9000 593.4000
14.0000 644.0000
15.1000 694.6000
16.2000 745.2000
17.2000 791.2000
18.2000 837.2000
19.2000 883.2000
20.2000 929.2000
21.2000 975.2000
22.2000 1021.2000
23.2000 1067.2000
24.2000 1113.2000
25.2000 1159.2000
26.2000 1205.2000
27.2000 1251.2000
28.2000 1297.2000
29.2000 1343.2000
30.2000 1389.2000
31.2000 1435.2000
32.2000 1481.2000
33.2000 1527.2000
34.2000 1573.2000
35.2000 1619.2000
36.2000 1665.2000
37.2000 1711.2000
38.2000 1757.2000
39.2000 1803.2000
40.2000 1849.2000
41.2000 1895.2000
42.2000 1941.2000
43.2000 1987.2000
44.2000 2033.2000
45.2000 2079.2000
46.2000 2125.2000
47.2000 2171.2000
48.2000 2217.2000
49.2000 2263.2000
50.2000 2309.2000
51.2000 2355.2000
52.2000 2401.2000
53.2000 2447.2000
54.2000 2493.2000
55.2000 2539.2000
56.2000 2585.2000
57.2000 2631.2000
58.2000 2677.2000
59.2000 2723.2000
60.2000 2769.2000
61.2000 2815.2000
62.2000 2861.2000
63.2000 2907.2000
64.2000 2953.2000
65.3000 3003.8000
66.4000 3054.4000
67.5000 3105.0000
68.6000 3155.6000
69.7000 3206.2000
70.8000 3256.8000
71.9000 3307.4000
73.0000 3358.0000
74.1000 3408.6000
75.2000 3459.2000
76.3000 3509.8000
77.4000 3560.4000
78.5000 3611.0000
79.6000 3661.6000
80.7000 3712.2000
81.8000 3762.8000
82.9000 3813.4000
84.0000 3864.0000
85.1000 3914.6000
86.2000 3965.2000
87.3000 4015.8000
88.4000 4066.4000
89.5000 4117.0000
90.6000 4167.6000
91.7000 4218.2000
92.8000 4268.8000
93.9000 4319.4000
95.0000 4370.0000
96.1000 4420.6000
97.2000 4471.2000
98.3000 4521.8000
99.4000 4572.4000
100.5000 4623.0000
101.6000 4672.8000
102.7000 4719.0000
103.8000 4765.2000
104.9000 4811.4000
106.0000 4857.6000
107.1000 4903.8000
108.2000 4950.0000
109.3000 4996.2000
110.4000 5042.4000
111.5000 5088.6000
112.6000 5134.8000
113.7000 5181.0000
114.8000 5227.2000
115.9000 5273.4000
117.0000 5319.6000
118.1000 5365.8000
119.2000 5412.0000
120.3000 5458.2000
121.4000 5504.4000
122.5000 5550.6000
123.6000 5596.8000
124.7000 5643.0000
125.8000 5689.2000
126.9000 5735.4000
128.0000 5781.6000
129.1000 5827.8000
130.2000 5874.0000
131.3000 5920.2000
132.4000 5966.4000
133.5000 6012.6000
134.6000 6058.8000
135.7000 6105.0000
136.8000 6151.2000
137.9000 6197.4000
139.0000 6243.6000
140.1000 6289.8000
141.2000 6336.0000
142.3000 6382.2000
143.4000 6428.4000
144.5000 6474.6000
145.6000 6520.8000
146.7000 6567.0000
147.8000 6613.2000
148.9000 6659.4000
150.0000 6705.6000
151.1000 6751.8000
152.2000 6798.0000
153.3000 6844.2000
154.4000 6890.4000
155.5000 6936.6000
156.6000 6982.8000
157.7000 7029.0000
158.8000 7075.2000
159.9000 7121.4000
161.0000 7167.6000
162.1000 7213.8000
163.2000 7260.0000
164.3000 7306.2000
165.4000 7352.4000
166.5000 7398.6000
167.6000 7444.8000
168.7000 7491.0000
169.8000 7537.2000
170.9000 7583.4000
172.0000 7629.6000
173.1000 7675.8000
174.2000 7722.0000
175.3000 7768.2000
176.4000 7814.4000
177.5000 7860.6000
178.6000 7906.8000
179.7000 7953.0000
180.8000 7999.2000
181.9000 8045.4000
183.0000 8091.6000
184.1000 8137.8000
185.2000 8184.0000
186.3000 8230.2000
187.4000 8276.4000
188.5000 8322.6000
189.6000 8368.8000
190.7000 8415.0000
191.8000 8461.2000
192.9000 8507.4000
194.0000 8553.6000
195.1000 8599.8000
196.2000 8646.0000
197.3000 8692.2000
198.4000 8738.4000
199.5000 8784.6000
200.6000 8830.8000
201.7000 8877.0000
202.8000 8923.2000
203.9000 8969.4000
205.0000 9015.6000
206.1000 9061.8000
207.2000 9108.0000
208.3000 9154.2000
209.4000 9200.4000
210.5000 9246.6000
211.6000 9292.8000
212.7000 9339.0000
213.8000 9385.2000
214.9000 9431.4000
216.0000 9477.6000
217.1000 9523.8000
218.2000 9570.0000
219.3000 9616.2000
220.4000 9662.4000
221.5000 9708.6000
222.6000 9754.8000
223.7000 9801.0000
224.8000 9847.2000
225.9000 9893.4000
227.0000 9939.6000
228.1000 9985.8000
229.2000 10032.0000
230.3000 10078.2000
231.4000 10124.4000
232.5000 10170.6000
233.6000 10216.8000
234.7000 10263.0000
235.8000 10309.2000
236.9000 10355.4000
238.0000 10401.6000
239.1000 10447.8000
240.2000 10494.0000
241.3000 10540.2000
242.4000 10586.4000
243.5000 10632.6000
244.6000 10678.8000
245.7000 10725.0000
246.8000 10771.2000
247.9000 10817.4000
249.0000 10863.6000
250.1000 10909.8000
251.2000 10956.0000
252.3000 11002.2000
253.4000 11048.4000
254.5000 11094.6000
255.6000 11140.8000
256.6000 11182.8000
257.6000 11224.8000
258.6000 11266.8000
259.6000 11308.8000
260.6000 11350.8000
261.6000 11392.8000
262.6000 11434.8000
263.6000 11476.8000
264.6000 11518.8000
265.6000 11560.8000
266.6000 11602.8000
267.6000 11644.8000
268.6000 11686.8000
269.6000 11728.8000
270.6000 11770.8000
271.6000 11812.8000
272.6000 11854.8000
273.6000 11896.8000
274.6000 11938.8000
275.6000 11980.8000
276.6000 12022.8000
277.6000 12064.8000
278.6000 12106.8000
279.6000 12148.8000
280.6000 12190.8000
281.6000 12232.8000
282.6000 12274.8000
283.6000 12316.8000
284.6000 12358.8000
285.6000 12400.8000
286.6000 12442.8000
287.6000 12484.8000
288.6000 12526.8000
289.6000 12568.8000
290.6000 12610.8000
291.6000 12652.8000
292.6000 12694.8000
293.6000 12736.8000
294.6000 12778.8000
295.6000 12820.8000
296.6000 12862.8000
297.6000 12904.8000
298.6000 12946.8000
299.6000 12988.8000
300.6000 13030.8000
301.6000 13071.2000
302.6000 13105.2000
303.6000 13139.2000
304.6000 13173.2000
305.6000 13207.2000
306.6000 13241.2000
307.6000 13275.2000
308.6000 13309.2000
309.6000 13343.2000
310.6000 13377.2000
311.6000 13411.2000
312.6000 13445.2000
313.6000 13479.2000
314.6000 13513.2000
315.6000 13547.2000
316.6000 13581.2000
317.6000 13615.2000
318.6000 13649.2000
319.6000 13683.2000
320.6000 13717.2000
321.6000 13751.2000
322.6000 13785.2000
323.6000 13819.2000
324.6000 13853.2000
325.6000 13887.2000
326.6000 13921.2000
327.6000 13955.2000
328.6000 13989.2000
329.6000 14023.2000
330.6000 14057.2000
331.6000 14091.2000
332.6000 14125.2000
333.6000 14159.2000
334.6000 14193.2000
335.6000 14227.2000
336.6000 14261.2000
337.6000 14295.2000
338.6000 14329.2000
339.6000 14363.2000
340.6000 14397.2000
341.6000 14431.2000
342.6000 14465.2000
343.6000 14499.2000
344.6000 14533.2000
345.6000 14567.2000
346.6000 14601.2000
347.6000 14635.2000
348.6000 14669.2000
349.6000 14703.2000
350.6000 14737.2000
351.6000 14771.2000
352.6000 14805.2000
353.6000 14839.2000
354.6000 14873.2000
355.6000 14907.2000
356.6000 14941.2000
357.6000 14975.2000
358.6000 15009.2000
359.6000 15043.2000
360.6000 15077.2000
361.6000 15111.2000
362.6000 15145.2000
363.6000 15179.2000
364.6000 15213.2000
365.6000 15247.2000
366.6000 15281.2000
367.6000 15315.2000
368.6000 15349.2000
369.6000 15383.2000
370.6000 15417.2000
371.6000 15451.2000
372.6000 15485.2000
373.6000 15519.2000
374.6000 15553.2000
375.6000 15587.2000
376.6000 15621.2000
377.6000 15655.2000
378.6000 15689.2000
379.6000 15723.2000
380.6000 15757.2000
381.6000 15791.2000
382.6000 15825.2000
383.6000 15859.2000
384.6000 15893.2000
385.6000 15927.2000
386.6000 15961.2000
387.6000 15995.2000
388.6000 16029.2000
389.6000 16063.2000
390.6000 16097.2000
391.6000 16131.2000
392.6000 16165.2000
393.6000 16199.2000
394.6000 16233.2000
395.6000 16267.2000
396.6000 16301.2000
397.6000 16335.2000
398.6000 16369.2000
399.6000 16403.2000
400.6000 16437.2000
401.6000 16471.2000
402.6000 16505.2000
403.6000 16539.2000
404.6000 16573.2000
405.6000 16607.2000
406.6000 16641.2000
407.6000 16675.2000
408.6000 16709.2000
409.6000 16743.2000
410.6000 16777.2000
411.6000 16811.2000
412.6000 16845.2000
413.6000 16879.2000
414.6000 16913.2000
415.6000 16947.2000
416.6000 16981.2000
417.6000 17015.2000
418.6000 17049.2000
419.6000 17083.2000
420.6000 17117.2000
421.6000 17151.2000
422.6000 17185.2000
423.6000 17219.2000
424.6000 17253.2000
425.6000 17287.2000
426.6000 17321.2000
427.6000 17355.2000
428.6000 17389.2000
429.6000 17423.2000
430.6000 17457.2000
431.6000 17491.2000
432.6000 17525.2000
433.6000 17559.2000
434.6000 17593.2000
435.6000 17627.2000
436.6000 17661.2000
437.6000 17695.2000
438.6000 17729.2000
439.6000 17763.2000
440.6000 17797.2000
441.6000 17831.2000
442.6000 17865.2000
443.6000 17899.2000
444.6000 17933.2000
445.6000 17967.2000
446.6000 18001.2000
447.6000 18035.2000
448.6000 18069.2000
449.6000 18103.2000
450.6000 18137.2000
451.6000 18171.2000
452.6000 18205.2000
453.6000 18239.2000
454.6000 18273.2000
455.6000 18307.2000
456.6000 18341.2000
457.6000 18375.2000
458.6000 18409.2000
459.6000 18443.2000
460.6000 18477.2000
461.6000 18511.2000
462.6000 18545.2000
463.6000 18579.2000
464.6000 18613.2000
465.6000 18647.2000
466.6000 18681.2000
467.6000 18715.2000
468.6000 18749.2000
469.6000 18783.2000
470.6000 18817.2000
471.6000 18851.2000
472.6000 18885.2000
473.6000 18919.2000
474.6000 18953.2000
475.6000 18987.2000
476.6000 19021.2000
477.6000 19055.2000
478.6000 19089.2000
479.6000 19123.2000
480.6000 19157.2000
481.6000 19191.2000
482.6000 19225.2000
483.6000 19259.2000
484.6000 19293.2000
485.6000 19327.2000
486.6000 19361.2000
487.6000 19395.2000
488.6000 19429.2000
489.6000 19463.2000
490.6000 19497.2000
491.6000 19531.2000
492.6000 19565.2000
493.6000 19599.2000
494.6000 19633.2000
495.6000 19667.2000
496.6000 19701.2000
497.6000 19735.2000
498.6000 19769.2000
499.6000 19803.2000
500.6000 19837.2000
501.6000 19869.1000
502.6000 19896.1000
503.6000 19923.1000
504.6000 19950.1000
505.6000 19977.1000
506.6000 20004.1000
507.6000 20031.1000
508.6000 20058.1000
509.6000 20085.1000
510.6000 20112.1000
511.6000 20139.1000
512.6000 20166.1000
513.6000 20193.1000
514.6000 20220.1000
515.6000 20247.1000
516.6000 20274.1000
517.6000 20301.1000
518.6000 20328.1000
519.6000 20355.1000
520.6000 20382.1000
521.6000 20409.1000
522.6000 20436.1000
523.6000 20463.1000
524.6000 20490.1000
525.6000 20517.1000
526.6000 20544.1000
527.6000 20571.1000
528.6000 20598.1000
529.6000 20625.1000
530.6000 20652.1000
531.6000 20679.1000
532.6000 20706.1000
533.6000 20733.1000
534.6000 20760.1000
535.6000 20787.1000
536.6000 20814.1000
537.6000 20841.1000
538.6000 20868.1000
539.6000 20895.1000
540.6000 20922.1000
541.6000 20949.1000
542.6000 20976.1000
543.6000 21003.1000
544.6000 21030.1000
545.6000 21057.1000
546.6000 21084.1000
547.6000 21111.1000
548.6000 21138.1000
549.6000 21165.1000
550.6000 21192.1000
551.6000 21219.1000
552.6000 21246.1000
553.6000 21273.1000
554.6000 21300.1000
555.6000 21327.1000
556.6000 21354.1000
557.6000 21381.1000
558.6000 21408.1000
559.6000 21435.1000
560.6000 21462.1000
561.6000 21489.1000
562.6000 21516.1000
563.6000 21543.1000
564.6000 21570.1000
565.6000 21597.1000
566.6000 21624.1000
567.6000 21651.1000
568.6000 21678.1000
569.6000 21705.1000
570.6000 21732.1000
571.6000 21759.1000
572.6000 21786.1000
573.6000 21813.1000
574.6000 21840.1000
575.6000 21867.1000
576.6000 21894.1000
577.6000 21921.1000
578.6000 21948.1000
579.6000 21975.1000
580.6000 22002.1000
581.6000 22029.1000
582.6000 22056.1000
583.6000 22083.1000
584.6000 22110.1000
585.6000 22137.1000
586.6000 22164.1000
587.6000 22191.1000
588.6000 22218.1000
589.6000 22245.1000
590.6000 22272.1000
591.6000 22299.1000
592.6000 22326.1000
593.6000 22353.1000
594.6000 22380.1000
595.6000 22407.1000
596.6000 22434.1000
597.6000 22461.1000
598.6000 22488.1000
599.6000 22515.1000
600.6000 22542.1000
601.6000 22568.2000
602.6000 22592.2000
603.6000 22616.2000
604.6000 22640.2000
605.6000 22664.2000
606.6000 22688.2000
607.6000 22712.2000
608.6000 22736.2000
609.6000 22760.2000
610.6000 22784.2000
611.6000 22808.2000
612.6000 22832.2000
613.6000 22856.2000
614.6000 22880.2000
615.6000 22904.2000
616.6000 22928.2000
617.6000 22952.2000
618.6000 22976.2000
619.6000 23000.2000
620.6000 23024.2000
621.6000 23048.2000
622.6000 23072.2000
623.6000 23096.2000
624.6000 23120.2000
625.6000 23144.2000
626.6000 23168.2000
627.6000 23192.2000
628.6000 23216.2000
629.6000 23240.2000
630.6000 23264.2000
631.6000 23288.2000
632.6000 23312.2000
633.6000 23336.2000
634.6000 23360.2000
635.6000 23384.2000
636.6000 23408.2000
637.6000 23432.2000
638.6000 23456.2000
639.6000 23480.2000
640.6000 23504.2000
641.6000 23528.2000
642.6000 23552.2000
643.6000 23576.2000
644.6000 23600.2000
645.6000 23624.2000
646.6000 23648.2000
647.6000 23672.2000
648.6000 23696.2000
649.6000 23720.2000
650.6000 23744.2000
651.6000 23768.2000
652.6000 23792.2000
653.6000 23816.2000
654.6000 23840.2000
655.6000 23864.2000
656.6000 23888.2000
657.6000 23912.2000
658.6000 23936.2000
659.6000 23960.2000
660.6000 23984.2000
661.6000 24008.2000
662.6000 24032.2000
663.6000 24056.2000
664.6000 24080.2000
665.6000 24104.2000
666.6000 24128.2000
667.6000 24152.2000
668.6000 24176.2000
669.6000 24200.2000
670.6000 24224.2000
671.6000 24248.2000
672.6000 24272.2000
673.6000 24296.2000
674.6000 24320.2000
675.6000 24344.2000
676.6000 24368.2000
677.6000 24392.2000
678.6000 24416.2000
679.6000 24440.2000
680.6000 24464.2000
681.6000 24488.2000
682.6000 24512.2000
683.6000 24536.2000
684.6000 24560.2000
685.6000 24584.2000
686.6000 24608.2000
687.6000 24632.2000
688.6000 24656.2000
689.6000 24680.2000
690.6000 24704.2000
691.6000 24728.2000
692.6000 24752.2000
693.6000 24776.2000
694.6000 24800.2000
695.6000 24824.2000
696.6000 24848.2000
697.6000 24872.2000
698.6000 24896.2000
699.6000 24920.2000
700.6000 24944.2000
701.6000 24965.2000
702.6000 24979.2000
703.6000 24993.2000
704.6000 25007.2000
705.6000 25021.2000
706.6000 25035.2000
707.6000 25049.2000
708.6000 25063.2000
709.6000 25077.2000
710.6000 25091.2000
711.6000 25105.2000
712.6000 25119.2000
713.6000 25133.2000
714.6000 25147.2000
715.6000 25161.2000
716.6000 25175.2000
717.6000 25189.2000
718.6000 25203.2000
719.6000 25217.2000
720.6000 25231.2000
721.6000 25245.2000
722.6000 25259.2000
723.6000 25273.2000
724.6000 25287.2000
725.6000 25301.2000
726.6000 25315.2000
727.6000 25329.2000
728.6000 25343.2000
729.6000 25357.2000
730.6000 25371.2000
731.6000 25385.2000
732.6000 25399.2000
733.6000 25413.2000
734.6000 25427.2000
735.6000 25441.2000
736.6000 25455.2000
737.6000 25469.2000
738.6000 25483.2000
739.6000 25497.2000
740.6000 25511.2000
741.6000 25525.2000
742.6000 25539.2000
743.6000 25553.2000
744.6000 25567.2000
745.6000 25581.2000
746.6000 25595.2000
747.6000 25609.2000
748.6000 25623.2000
749.6000 25637.2000
750.6000 25651.2000
751.6000 25665.2000
752.6000 25679.2000
753.6000 25693.2000
754.6000 25707.2000
755.6000 25721.2000
756.6000 25735.2000
757.6000 25749.2000
758.6000 25763.2000
759.6000 25777.2000
760.6000 25791.2000
761.6000 25805.2000
762.6000 25819.2000
763.6000 25833.2000
764.6000 25847.2000
765.6000 25861.2000
766.6000 25875.2000
767.6000 25889.2000
768.6000 25903.2000
769.6000 25917.2000
770.6000 25931.2000
771.6000 25945.2000
772.6000 25959.2000
773.6000 25973.2000
774.6000 25987.2000
775.6000 26001.1000
776.6000 26014.1000
777.6000 26027.1000
778.6000 26040.1000
779.6000 26053.1000
780.6000 26066.1000
781.6000 26079.1000
782.6000 26092.1000
783.6000 26105.1000
784.6000 26118.1000
785.6000 26131.1000
786.6000 26144.1000
787.6000 26157.1000
788.6000 26170.1000
789.6000 26183.1000
790.6000 26196.1000
791.6000 26209.1000
792.6000 26222.1000
793.6000 26235.1000
794.6000 26248.1000
795.6000 26261.1000
796.6000 26274.1000
797.6000 26287.1000
798.6000 26300.1000
799.6000 26313.1000
800.6000 26326.1000
801.6000 26339.1000
802.6000 26352.1000
803.6000 26365.1000
804.6000 26378.1000
805.6000 26391.1000
806.6000 26404.1000
807.6000 26417.1000
808.6000 26430.1000
809.6000 26443.1000
810.6000 26456.1000
811.6000 26469.1000
812.6000 26482.1000
813.6000 26495.1000
814.6000 26508.1000
815.6000 26521.1000
816.6000 26534.1000
817.6000 26547.1000
818.6000 26560.1000
819.6000 26573.1000
820.6000 26586.1000
821.6000 26599.1000
822.6000 26612.1000
823.6000 26625.1000
824.6000 26638.1000
825.6000 26651.1000
826.6000 26664.1000
827.6000 26677.1000
828.6000 26690.1000
829.6000 26703.1000
830.6000 26716.1000
831.6000 26729.1000
832.6000 26742.1000
833.6000 26755.1000
834.6000 26768.1000
835.6000 26781.1000
836.6000 26794.1000
837.6000 26807.1000
838.6000 26820.1000
839.6000 26833.1000
840.6000 26846.1000
841.6000 26859.1000
842.6000 26872.1000
843.6000 26885.1000
844.6000 26898.1000
845.6000 26911.1000
846.6000 26924.1000
847.6000 26937.1000
848.6000 26950.1000
849.6000 26963.1000
850.6000 26976.1000
851.6000 26989.1000
852.6000 27002.1000
853.6000 27015.1000
854.6000 27028.1000
855.6000 27041.1000
856.6000 27054.1000
857.6000 27067.1000
858.6000 27080.1000
859.6000 27093.1000
860.6000 27106.1000
861.6000 27119.1000
862.6000 27132.1000
863.6000 27145.1000
864.6000 27158.1000
865.6000 27171.1000
866.6000 27184.1000
867.6000 27197.1000
868.6000 27210.1000
869.6000 27223.1000
870.6000 27236.1000
871.6000 27249.1000
872.6000 27262.1000
873.6000 27275.1000
874.6000 27288.1000
875.6000 27301.1000
876.6000 27314.1000
877.6000 27327.1000
878.6000 27340.1000
879.6000 27353.1000
880.6000 27366.1000
881.6000 27379.1000
882.6000 27392.1000
883.6000 27405.1000
884.6000 27418.1000
885.6000 27431.1000
886.6000 27444.1000
887.6000 27457.1000
888.6000 27470.1000
889.6000 27483.1000
890.6000 27496.1000
891.6000 27509.1000
892.6000 27522.1000
893.6000 27535.1000
894.6000 27548.1000
895.6000 27561.1000
896.6000 27574.1000
897.6000 27587.1000
898.6000 27600.1000
899.6000 27613.1000
900.6000 27626.1000
901.6000 27639.1000
902.6000 27652.1000
903.6000 27665.1000
904.6000 27678.1000
905.6000 27691.1000
906.6000 27704.1000
907.6000 27717.1000
908.6000 27730.1000
909.6000 27743.1000
910.6000 27756.1000
911.6000 27769.1000
912.6000 27782.1000
913.6000 27795.1000
914.6000 27808.1000
915.6000 27821.1000
916.6000 27834.1000
917.6000 27847.1000
918.6000 27860.1000
919.6000 27873.1000
920.6000 27886.1000
921.6000 27899.1000
922.6000 27912.1000
923.6000 27925.1000
924.6000 27938.1000
925.6000 27951.1000
926.6000 27964.1000
927.6000 27977.1000
928.6000 27990.1000
929.6000 28003.1000
930.6000 28016.1000
931.6000 28029.1000
932.6000 28042.1000
933.6000 28055.1000
934.6000 28068.1000
935.6000 28081.1000
936.6000 28094.1000
937.6000 28107.1000
938.6000 28120.1000
939.6000 28133.1000
940.6000 28146.1000
941.6000 28159.1000
942.6000 28172.1000
943.6000 28185.1000
944.6000 28198.1000
945.6000 28211.1000
946.6000 28224.1000
947.6000 28237.1000
948.6000 28250.1000
949.6000 28263.1000
950.6000 28276.1000
951.6000 28289.1000
952.6000 28302.1000
953.6000 28315.1000
954.6000 28328.1000
955.6000 28341.1000
956.6000 28354.1000
957.6000 28367.1000
958.6000 28380.1000
959.6000 28393.1000
960.6000 28406.1000
961.6000 28419.1000
962.6000 28432.1000
963.6000 28445.1000
964.6000 28458.1000
965.6000 28471.1000
966.6000 28484.1000
967.6000 28497.1000
968.6000 28510.1000
969.6000 28523.1000
970.6000 28536.1000
971.6000 28549.1000
972.6000 28562.1000
973.6000 28575.1000
974.6000 28588.1000
975.6000 28601.1000
976.6000 28614.1000
977.6000 28627.1000
978.6000 28640.1000
979.6000 28653.1000
980.6000 28666.1000
981.6000 28679.1000
982.6000 28692.1000
983.6000 28705.1000
984.6000 28718.1000
985.6000 28731.1000
986.6000 28744.1000
987.6000 28757.1000
988.6000 28770.1000
989.6000 28783.1000
990.6000 28796.1000
991.6000 28809.1000
992.6000 28822.1000
993.6000 28835.1000
994.6000 28848.1000
995.6000 28861.1000
996.6000 28874.1000
997.6000 28887.1000
998.6000 28900.1000
999.6000 28913.1000
1000.6000 28926.1000
1001.6000 28937.9000
1002.6000 28946.9000
1003.6000 28955.9000
1004.6000 28964.9000
1005.6000 28973.9000
1006.6000 28982.9000
1007.6000 28991.9000
1008.6000 29000.9000
1009.6000 29009.9000
1010.6000 29018.9000
1011.6000 29027.9000
1012.6000 29036.9000
1013.6000 29045.9000
1014.6000 29054.9000
1015.6000 29063.9000
1016.6000 29072.9000
1017.6000 29081.9000
1018.6000 29090.9000
1019.6000 29099.9000
1020.6000 29108.9000
1021.6000 29117.9000
1022.6000 29126.9000
1023.6000 29135.9000
1024.7000 29145.8000
1025.8000 29155.7000
1026.9000 29165.6000
1028.0000 29175.5000
1029.1000 29185.4000
1030.2000 29195.3000
1031.3000 29205.2000
1032.4000 29215.1000
1033.5000 29225.0000
1034.6000 29234.9000
1035.7000 29244.8000
1036.8000 29254.7000
1037.9000 29264.6000
1039.0000 29274.5000
1040.1000 29284.4000
1041.2000 29294.3000
1042.3000 29304.2000
1043.4000 29314.1000
1044.5000 29324.0000
1045.6000 29333.9000
1046.7000 29343.8000
1047.8000 29353.7000
1048.9000 29363.6000
1050.0000 29373.5000
1051.1000 29383.4000
1052.2000 29393.3000
1053.3000 29403.2000
1054.4000 29413.1000
1055.5000 29423.0000
1056.6000 29432.9000
1057.7000 29442.8000
1058.8000 29452.7000
1059.9000 29462.6000
1061.0000 29472.5000
1062.1000 29482.4000
1063.2000 29492.3000
1064.3000 29502.2000
1065.4000 29512.1000
1066.5000 29522.0000
1067.6000 29531.9000
1068.7000 29541.8000
1069.8000 29551.7000
1070.9000 29561.6000
1072.0000 29571.5000
1073.1000 29581.4000
1074.2000 29591.3000
1075.3000 29601.2000
1076.4000 29611.1000
1077.5000 29621.0000
1078.6000 29630.9000
1079.7000 29640.8000
1080.8000 29650.7000
1081.9000 29660.6000
1083.0000 29670.5000
1084.1000 29680.4000
1085.2000 29690.3000
1086.3000 29700.2000
1087.4000 29710.1000
1088.5000 29720.0000
1089.6000 29729.9000
1090.7000 29739.8000
1091.8000 29749.7000
1092.9000 29759.6000
1094.0000 29769.5000
1095.1000 29779.4000
1096.2000 29789.3000
1097.3000 29799.2000
1098.4000 29809.1000
1099.5000 29819.0000
1100.6000 29828.9000
1101.7000 29838.8000
1102.8000 29848.7000
1103.9000 29858.6000
1105.0000 29868.5000
1106.1000 29878.4000
1107.2000 29888.3000
1108.3000 29898.2000
1109.4000 29908.1000
1110.5000 29918.0000
1111.6000 29927.9000
1112.7000 29937.8000
1113.8000 29947.7000
1114.9000 29957.6000
1116.0000 29967.5000
1117.1000 29977.4000
1118.2000 29987.3000
1119.3000 29997.2000
1120.4000 30007.1000
1121.5000 30017.0000
1122.6000 30026.9000
1123.7000 30036.8000
1124.8000 30046.7000
1125.9000 30056.6000
1127.0000 30066.5000
1128.1000 30076.4000
1129.2000 30086.3000
1130.3000 30096.2000
1131.4000 30106.1000
1132.5000 30116.0000
1133.6000 30125.9000
1134.7000 30135.8000
1135.8000 30145.7000
1136.9000 30155.6000
1138.0000 30165.5000
1139.1000 30175.4000
1140.2000 30185.3000
1141.3000 30195.2000
1142.4000 30205.1000
1143.5000 30215.0000
1144.6000 30224.9000
1145.7000 30234.8000
1146.8000 30244.7000
1147.9000 30254.6000
1149.0000 30264.5000
1150.1000 30274.4000
1151.2000 30284.3000
1152.3000 30294.2000
1153.4000 30304.1000
1154.5000 30314.0000
1155.6000 30323.9000
1156.7000 30333.8000
1157.8000 30343.7000
1158.9000 30353.6000
1160.0000 30363.5000
1161.1000 30373.4000
1162.2000 30383.3000
1163.3000 30393.2000
1164.4000 30403.1000
1165.5000 30413.0000
1166.6000 30422.9000
1167.7000 30432.8000
1168.8000 30442.7000
1169.9000 30452.6000
1171.0000 30462.5000
1172.1000 30472.4000
1173.2000 30482.3000
1174.3000 30492.2000
1175.4000 30502.1000
1176.5000 30512.0000
1177.6000 30521.9000
1178.7000 30531.8000
1179.8000 30541.7000
1180.9000 30551.6000
1182.0000 30561.5000
1183.1000 30571.4000
1184.2000 30581.3000
1185.3000 30591.2000
1186.4000 30601.1000
1187.5000 30611.0000
1188.6000 30620.9000
1189.7000 30630.8000
1190.8000 30640.7000
1191.9000 30650.6000
1193.0000 30660.5000
1194.1000 30670.4000
1195.2000 30680.3000
1196.3000 30690.2000
1197.4000 30700.1000
1198.5000 30710.0000
1199.6000 30719.9000
1200.7000 30729.8000
1201.8000 30738.2000
1202.9000 30744.8000
1204.0000 30751.4000
1205.1000 30758.0000
1206.2000 30765.5000
1207.3000 30773.2000
1208.4000 30780.1000
1209.5000 30786.7000
1210.6000 30793.3000
1211.7000 30799.9000
1212.8000 30806.5000
1213.9000 30813.1000
1215.0000 30819.7000
1216.1000 30826.3000
1217.2000 30832.9000
1218.3000 30839.5000
1219.4000 30846.1000
1220.5000 30852.7000
1221.6000 30859.3000
1222.7000 30865.9000
1223.8000 30872.5000
1224.9000 30879.1000
1226.0000 30885.7000
1227.1000 30892.3000
1228.2000 30898.9000
1229.3000 30905.5000
1230.4000 30912.1000
1231.5000 30918.7000
1232.6000 30925.3000
1233.7000 30931.9000
1234.8000 30938.5000
1235.9000 30945.1000
1237.0000 30951.7000
1238.1000 30958.3000
1239.2000 30964.9000
1240.3000 30971.5000
1241.4000 30978.1000
1242.5000 30984.7000
1243.6000 30991.3000
1244.7000 30997.9000
1245.8000 31004.5000
1246.9000 31011.1000
1248.0000 31017.7000
1249.1000 31024.3000
1250.2000 31030.9000
1251.3000 31037.5000
1252.4000 31044.1000
1253.5000 31050.7000
1254.6000 31057.3000
1255.7000 31063.9000
1256.8000 31070.5000
1257.9000 31077.1000
1259.0000 31083.7000
1260.1000 31090.3000
1261.2000 31096.9000
1262.3000 31103.5000
1263.4000 31110.1000
1264.5000 31116.7000
1265.6000 31123.3000
1266.7000 31129.9000
1267.8000 31136.5000
1268.9000 31143.1000
1270.0000 31149.7000
1271.1000 31156.3000
1272.2000 31162.9000
1273.3000 31169.5000
1274.4000 31176.1000
1275.5000 31182.7000
1276.6000 31189.3000
1277.7000 31195.9000
1278.8000 31202.5000
1279.9000 31209.1000
1281.0000 31215.7000
1282.1000 31222.3000
1283.2000 31228.9000
1284.3000 31235.5000
1285.4000 31242.1000
1286.5000 31248.7000
1287.6000 31255.3000
1288.7000 31261.9000
1289.8000 31268.5000
1290.9000 31275.1000
1292.0000 31281.7000
1293.1000 31288.3000
1294.2000 31294.9000
1295.3000 31301.5000
1296.4000 31308.1000
1297.5000 31314.7000
1298.6000 31321.3000
1299.7000 31327.9000
1300.8000 31334.5000
1301.9000 31340.1000
1303.0000 31344.5000
1304.1000 31348.9000
1305.2000 31353.3000
1306.3000 31357.7000
1307.4000 31362.1000
1308.5000 31366.5000
1309.6000 31370.9000
1310.7000 31375.3000
1311.8000 31379.7000
1312.9000 31384.1000
1314.0000 31388.5000
1315.1000 31392.9000
1316.2000 31397.3000
1317.3000 31401.7000
1318.4000 31406.1000
1319.5000 31410.5000
1320.6000 31414.9000
1321.7000 31419.3000
1322.8000 31423.7000
1323.9000 31428.1000
1325.0000 31432.5000
1326.1000 31436.9000
1327.2000 31441.3000
1328.3000 31445.7000
1329.4000 31450.1000
1330.5000 31454.5000
1331.6000 31458.9000
1332.7000 31463.3000
1333.8000 31467.7000
1334.9000 31472.1000
1336.0000 31476.5000
1337.1000 31480.9000
1338.2000 31485.3000
1339.3000 31489.7000
1340.4000 31494.1000
1341.5000 31498.5000
1342.6000 31502.9000
1343.7000 31507.3000
1344.8000 31511.7000
1345.9000 31516.1000
1347.0000 31520.5000
1348.1000 31524.9000
1349.2000 31529.3000
1350.3000 31533.7000
1351.4000 31538.1000
1352.5000 31542.5000
1353.6000 31546.9000
1354.7000 31551.3000
1355.8000 31555.7000
1356.9000 31560.1000
1358.0000 31564.5000
1359.1000 31568.9000
1360.2000 31573.3000
1361.3000 31577.7000
1362.4000 31582.1000
1363.5000 31586.5000
1364.6000 31590.9000
1365.7000 31595.3000
1366.8000 31599.7000
1367.9000 31604.1000
1369.0000 31608.5000
1370.1000 31612.9000
1371.2000 31617.3000
1372.3000 31621.7000
1373.4000 31626.1000
1374.5000 31630.5000
1375.6000 31634.9000
1376.7000 31639.3000
1377.8000 31643.7000
1378.9000 31648.1000
1380.0000 31652.5000
1381.1000 31656.9000
1382.2000 31661.3000
1383.3000 31665.7000
1384.4000 31670.1000
1385.5000 31674.5000
1386.6000 31678.9000
1387.7000 31683.3000
1388.8000 31687.7000
1389.9000 31692.1000
1391.0000 31696.5000
1392.1000 31700.9000
1393.2000 31705.3000
1394.3000 31709.7000
1395.4000 31714.1000
1396.5000 31718.5000
1397.6000 31722.9000
1398.7000 31727.3000
1399.8000 31731.7000
1400.9000 31736.1000
1402.0000 31740.5000
1403.1000 31744.9000
1404.2000 31749.3000
1405.3000 31753.7000
1406.4000 31758.1000
1407.5000 31762.5000
1408.6000 31766.9000
1409.7000 31771.3000
1410.8000 31775.7000
1411.9000 31780.1000
1413.0000 31784.5000
1414.1000 31788.9000
1415.2000 31793.3000
1416.3000 31797.7000
1417.4000 31802.1000
1418.5000 31806.5000
1419.6000 31810.9000
1420.7000 31815.3000
1421.8000 31819.7000
1422.9000 31824.1000
1424.0000 31828.5000
1425.1000 31832.9000
1426.2000 31837.3000
1427.3000 31841.7000
1428.4000 31846.1000
1429.5000 31850.5000
1430.6000 31854.9000
1431.7000 31859.3000
1432.8000 31863.7000
1433.9000 31868.1000
1435.0000 31872.5000
1436.1000 31876.9000
1437.2000 31881.3000
1438.3000 31885.7000
1439.4000 31890.1000
1440.5000 31894.5000
1441.6000 31898.9000
1442.7000 31903.3000
1443.8000 31907.7000
1444.9000 31912.1000
1446.0000 31916.5000
1447.1000 31920.9000
1448.2000 31925.3000
1449.3000 31929.7000
1450.4000 31934.1000
1451.5000 31938.5000
1452.6000 31942.9000
1453.7000 31947.3000
1454.8000 31951.7000
1455.9000 31956.1000
1457.0000 31960.5000
1458.1000 31964.9000
1459.2000 31969.3000
1460.3000 31973.7000
1461.4000 31978.1000
1462.5000 31982.5000
1463.6000 31987.6000
1464.7000 31993.1000
1465.8000 31998.6000
1466.9000 32004.1000
1468.0000 32009.6000
1469.1000 32015.1000
1470.2000 32020.6000
1471.3000 32026.1000
1472.4000 32031.6000
1473.5000 32037.1000
1474.6000 32042.6000
1475.7000 32048.1000
1476.8000 32053.6000
1477.9000 32059.1000
1479.0000 32064.6000
1480.1000 32070.1000
1481.2000 32075.6000
1482.3000 32081.1000
1483.4000 32086.6000
1484.5000 32092.1000
1485.6000 32097.6000
1486.7000 32103.1000
1487.8000 32108.6000
1488.9000 32114.1000
1490.0000 32119.6000
1491.1000 32125.1000
1492.2000 32130.6000
1493.3000 32136.1000
1494.4000 32141.6000
1495.5000 32147.1000
1496.6000 32152.6000
1497.7000 32158.1000
1498.8000 32163.6000
1499.9000 32169.1000
1501.0000 32174.6000
1502.1000 32180.1000
1503.2000 32185.6000
1504.3000 32191.1000
1505.4000 32196.6000
1506.5000 32202.1000
1507.6000 32207.6000
1508.7000 32213.1000
1509.8000 32218.6000
1510.9000 32224.1000
1512.0000 32229.6000
1513.1000 32235.1000
1514.2000 32240.6000
1515.3000 32246.1000
1516.4000 32251.6000
1517.5000 32257.1000
1518.6000 32262.6000
1519.7000 32268.1000
1520.8000 32273.6000
1521.9000 32279.1000
1523.0000 32284.6000
1524.1000 32290.1000
1525.2000 32295.6000
1526.3000 32301.1000
1527.4000 32306.6000
1528.5000 32312.1000
1529.6000 32317.6000
1530.7000 32323.1000
1531.8000 32328.6000
1532.9000 32334.1000
1534.0000 32339.6000
1535.1000 32345.1000
1536.2000 32350.6000
1537.3000 32356.1000
1538.4000 32361.6000
1539.5000 32367.1000
1540.6000 32372.6000
1541.7000 32378.1000
1542.8000 32383.6000
1543.9000 32389.1000
1545.0000 32394.6000
1546.1000 32400.1000
1547.2000 32405.6000
1548.3000 32411.1000
1549.4000 32416.6000
1550.5000 32422.1000
1551.6000 32427.6000
1552.7000 32433.1000
1553.8000 32438.6000
1554.9000 32444.1000
1556.0000 32449.6000
1557.1000 32455.1000
1558.2000 32460.6000
1559.3000 32466.1000
1560.4000 32471.6000
1561.5000 32477.1000
1562.6000 32482.6000
1563.7000 32488.1000
1564.8000 32493.6000
1565.9000 32499.1000
1567.0000 32504.6000
1568.1000 32510.1000
1569.2000 32515.6000
1570.3000 32521.1000
1571.4000 32526.6000
1572.5000 32532.1000
1573.6000 32537.6000
1574.7000 32543.1000
1575.8000 32548.6000
1576.9000 32554.1000
1578.0000 32559.6000
1579.1000 32565.1000
1580.2000 32570.6000
1581.3000 32576.1000
1582.4000 32581.6000
1583.5000 32587.1000
1584.6000 32592.6000
1585.7000 32598.1000
1586.8000 32603.6000
1587.9000 32609.1000
1589.0000 32614.6000
1590.1000 32620.1000
1591.2000 32625.6000
1592.3000 32631.1000
1593.4000 32636.6000
1594.5000 32642.1000
1595.6000 32647.6000
1596.7000 32653.1000
1597.8000 32658.6000
1598.9000 32664.1000
1600.0000 32669.6000
1601.1000 32675.1000
1602.2000 32680.6000
1603.3000 32686.1000
1604.4000 32691.6000
1605.5000 32697.1000
1606.6000 32702.6000
1607.7000 32708.1000
1608.8000 32713.6000
1609.9000 32719.1000
1611.0000 32724.6000
1612.1000 32730.1000
1613.2000 32735.6000
1614.3000 32741.5000
1615.4000 32749.2000
1616.5000 32756.9000
1617.6000 32764.6000
1618.7000 32772.3000
1619.8000 32780.0000
1620.9000 32787.7000
1622.0000 32795.4000
1623.1000 32803.1000
1624.2000 32810.8000
1625.3000 32818.5000
1626.4000 32826.2000
1627.5000 32833.9000
1628.6000 32841.6000
1629.7000 32849.3000
1630.8000 32857.0000
1631.9000 32864.7000
1633.0000 32872.4000
1634.1000 32880.1000
1635.2000 32887.8000
1636.3000 32895.5000
1637.4000 32903.2000
1638.5000 32910.9000
1639.6000 32918.6000
1640.7000 32926.3000
1641.8000 32934.0000
1642.9000 32941.7000
1644.0000 32949.4000
1645.1000 32957.1000
1646.2000 32964.8000
1647.3000 32972.5000
1648.4000 32980.2000
1649.5000 32987.9000
1650.6000 32995.6000
1651.7000 33003.3000
1652.8000 33011.0000
1653.9000 33018.7000
1655.0000 33026.4000
1656.1000 33034.1000
1657.2000 33041.8000
1658.3000 33049.5000
1659.4000 33057.2000
1660.5000 33064.9000
1661.6000 33072.6000
1662.7000 33080.3000
1663.8000 33088.0000
1664.9000 33095.7000
1666.0000 33103.4000
1667.1000 33111.1000
1668.2000 33118.8000
1669.3000 33126.5000
1670.4000 33134.2000
1671.5000 33141.9000
1672.6000 33149.6000
1673.7000 33157.3000
1674.8000 33165.0000
1675.9000 33172.7000
1677.0000 33180.4000
1678.1000 33188.1000
1679.2000 33195.8000
1680.3000 33203.5000
1681.4000 33211.2000
1682.5000 33218.9000
1683.6000 33226.6000
1684.7000 33234.3000
1685.8000 33242.0000
1686.9000 33249.7000
1688.0000 33257.4000
1689.1000 33265.1000
1690.2000 33273.9000
1691.3000 33282.5000
1692.4000 33290.2000
1693.5000 33297.9000
1694.6000 33305.6000
1695.7000 33313.3000
1696.8000 33321.0000
1697.9000 33328.7000
1699.0000 33336.4000
1700.1000 33344.1000
1701.2000 33351.8000
1702.3000 33359.5000
1703.4000 33367.2000
1704.5000 33374.9000
1705.6000 33382.6000
1706.7000 33390.3000
1707.8000 33398.0000
1708.9000 33405.7000
1710.0000 33413.4000
1711.1000 33421.1000
1712.2000 33428.8000
1713.3000 33436.5000
1714.4000 33444.2000
1715.5000 33451.9000
1716.6000 33459.6000
1717.7000 33467.3000
1718.8000 33475.0000
1719.9000 33482.7000
1721.0000 33490.4000
1722.1000 33498.1000
1723.2000 33505.8000
1724.3000 33513.5000
1725.4000 33521.2000
1726.5000 33528.9000
1727.6000 33536.6000
1728.7000 33544.3000
1729.8000 33552.0000
1730.9000 33559.7000
1732.0000 33567.4000
1733.1000 33575.1000
1734.2000 33582.8000
1735.3000 33590.5000
1736.4000 33598.2000
1737.5000 33605.9000
1738.6000 33613.6000
1739.7000 33621.3000
1740.8000 33629.0000
1741.9000 33639.8000
1743.0000 33650.8000
1744.1000 33658.7000
1745.2000 33666.4000
1746.3000 33674.1000
1747.4000 33681.8000
1748.5000 33689.5000
1749.6000 33697.2000
1750.7000 33704.9000
1751.8000 33712.6000
1752.9000 33720.3000
1754.0000 33728.0000
1755.1000 33735.7000
1756.2000 33743.4000
1757.3000 33751.1000
1758.4000 33758.8000
1759.5000 33766.5000
1760.6000 33774.2000
1761.7000 33782.1000
1762.8000 33789.9000
1763.9000 33797.6000
1765.0000 33805.3000
1766.1000 33813.0000
1767.2000 33821.0000
1768.3000 33829.8000
1769.4000 33838.4000
1770.5000 33846.1000
1771.6000 33853.8000
1772.7000 33861.5000
1773.8000 33869.2000
1774.9000 33876.9000
1776.0000 33884.6000
1777.1000 33892.3000
1778.2000 33900.0000
1779.3000 33907.7000
1780.4000 33915.4000
1781.5000 33923.1000
1782.6000 33930.8000
1783.7000 33938.5000
1784.8000 33946.2000
1785.9000 33953.9000
1787.0000 33961.6000
1788.1000 33969.3000
1789.2000 33977.0000
1790.3000 33984.7000
1791.4000 33992.4000
1792.5000 33999.2000
1793.6000 34005.8000
1794.7000 34012.4000
1795.8000 34019.0000
1796.9000 34025.6000
1798.0000 34032.2000
1799.1000 34038.8000
1800.2000 34045.4000
1801.3000 34052.0000
1802.4000 34058.6000
1803.5000 34065.2000
1804.6000 34071.8000
1805.7000 34078.4000
1806.8000 34085.0000
1807.9000 34091.6000
1809.0000 34098.2000
1810.1000 34104.8000
1811.2000 34111.4000
1812.3000 34118.5000
1813.4000 34125.9000
1814.5000 34132.5000
1815.6000 34139.1000
1816.7000 34145.7000
1817.8000 34152.3000
1818.9000 34158.9000
1820.0000 34165.5000
1821.1000 34172.1000
1822.2000 34178.7000
1823.3000 34185.3000
1824.4000 34191.9000
1825.5000 34198.5000
1826.6000 34205.1000
1827.7000 34211.7000
1828.8000 34218.3000
1829.9000 34224.9000
1831.0000 34231.5000
1832.1000 34238.1000
1833.2000 34244.7000
1834.3000 34251.3000
1835.4000 34257.9000
1836.5000 34264.5000
1837.6000 34271.1000
1838.7000 34277.7000
1839.8000 34284.3000
1840.9000 34290.9000
1842.0000 34297.5000
1843.1000 34304.1000
1844.2000 34310.7000
1845.3000 34317.3000
1846.4000 34323.9000
1847.5000 34330.5000
1848.6000 34337.1000
1849.7000 34343.7000
1850.8000 34350.3000
1851.9000 34356.9000
1853.0000 34363.5000
1854.1000 34370.1000
1855.2000 34376.7000
1856.3000 34383.3000
1857.4000 34389.9000
1858.5000 34396.5000
1859.6000 34403.1000
1860.7000 34409.7000
1861.8000 34416.3000
1862.9000 34422.9000
1864.0000 34429.5000
1865.1000 34436.1000
1866.2000 34442.7000
1867.3000 34449.3000
1868.4000 34455.9000
1869.5000 34462.5000
1870.6000 34469.4000
1871.7000 34476.0000
1872.8000 34482.6000
1873.9000 34489.2000
1875.0000 34495.8000
1876.1000 34502.6000
1877.2000 34510.3000
1878.3000 34518.0000
1879.4000 34525.7000
1880.5000 34533.4000
1881.6000 34541.1000
1882.7000 34548.8000
1883.8000 34556.5000
1884.9000 34564.2000
1886.0000 34571.9000
1887.1000 34579.6000
1888.2000 34587.3000
1889.3000 34595.0000
1890.4000 34602.7000
1891.5000 34610.4000
1892.6000 34618.1000
1893.7000 34625.8000
1894.8000 34633.5000
1895.9000 34641.2000
1897.0000 34648.9000
1898.1000 34656.6000
1899.2000 34664.3000
1900.3000 34672.0000
1901.4000 34679.7000
1902.5000 34685.2000
1903.6000 34690.7000
1904.7000 34696.2000
1905.8000 34701.7000
1906.9000 34707.2000
1908.0000 34712.7000
1909.1000 34718.2000
1910.2000 34723.7000
1911.3000 34729.2000
1912.4000 34734.7000
1913.5000 34740.2000
1914.6000 34745.9000
1915.7000 34753.6000
1916.8000 34761.3000
1917.9000 34769.0000
1919.0000 34776.7000
1920.1000 34784.4000
1921.2000 34792.1000
1922.3000 34799.8000
1923.4000 34807.5000
1924.5000 34815.2000
1925.6000 34822.9000
1926.7000 34830.6000
1927.8000 34838.3000
1928.9000 34846.0000
1930.0000 34853.7000
1931.1000 34861.4000
1932.2000 34869.1000
1933.3000 34876.8000
1934.4000 34884.5000
1935.5000 34892.2000
1936.6000 34899.9000
1937.7000 34907.6000
1938.8000 34915.3000
1939.9000 34923.0000
1941.0000 34930.7000
1942.1000 34938.4000
1943.2000 34946.1000
1944.3000 34953.8000
1945.4000 34961.5000
1946.5000 34969.2000
1947.6000 34976.9000
1948.7000 34984.6000
1949.8000 34992.3000
1950.9000 35000.0000
1952.0000 35007.7000
1953.1000 35015.4000
1954.2000 35023.1000
1955.3000 35030.8000
1956.4000 35038.5000
1957.5000 35046.2000
1958.6000 35053.9000
1959.7000 35061.6000
1960.8000 35069.3000
1961.9000 35077.0000
1963.0000 35084.7000
1964.1000 35092.4000
1965.2000 35100.1000
1966.3000 35107.8000
1967.4000 35115.5000
1968.5000 35123.2000
1969.6000 35130.9000
1970.7000 35138.6000
1971.8000 35146.3000
1972.9000 35154.0000
1974.0000 35161.7000
1975.1000 35169.4000
1976.2000 35177.1000
1977.3000 35184.8000
1978.4000 35192.5000
1979.5000 35200.2000
1980.6000 35207.9000
1981.7000 35215.6000
1982.8000 35223.3000
1983.9000 35231.0000
1985.0000 35238.7000
1986.1000 35246.4000
1987.2000 35254.1000
1988.3000 35261.8000
1989.4000 35269.5000
1990.5000 35277.2000
1991.6000 35284.9000
1992.7000 35292.6000
1993.8000 35300.3000
1994.9000 35308.0000
1996.0000 35315.7000
1997.1000 35323.4000
1998.2000 35331.1000
1999.3000 35338.8000
2000.4000 35346.5000
2001.5000 35354.2000
2002.6000 35361.9000
2003.7000 35369.6000
2004.8000 35377.3000
2005.9000 35385.0000
2007.0000 35392.7000
2008.1000 35400.4000
2009.2000 35408.1000
2010.3000 35415.8000
2011.4000 35423.5000
2012.5000 35431.2000
2013.6000 35438.9000
2014.7000 35446.6000
2015.8000 35454.3000
2016.9000 35462.0000
2018.0000 35469.7000
2019.1000 35477.4000
2020.2000 35485.1000
2021.3000 35492.8000
2022.4000 35500.5000
2023.5000 35508.2000
2024.6000 35515.9000
2025.7000 35523.6000
2026.8000 35531.3000
2027.9000 35539.0000
2029.0000 35546.7000
2030.1000 35554.4000
2031.2000 35562.1000
2032.3000 35569.8000
2033.4000 35577.5000
2034.5000 35585.2000
2035.6000 35592.9000
2036.7000 35600.6000
2037.8000 35608.3000
2038.9000 35616.0000
2040.0000 35624.3000
2041.1000 35633.1000
2042.2000 35642.2000
2043.3000 35654.3000
2044.4000 35666.4000
2045.5000 35675.8000
2046.6000 35684.6000
2047.7000 35693.4000
2048.8000 35702.2000
2049.9000 35711.0000
2051.0000 35719.8000
2052.1000 35728.6000
2053.2000 35737.4000
2054.3000 35746.2000
2055.4000 35755.0000
2056.5000 35765.3000
2057.6000 35777.9000
2058.7000 35793.6000
2059.8000 35805.7000
2060.9000 35814.8000
2062.0000 35823.6000
2063.1000 35832.4000
2064.2000 35841.2000
2065.3000 35850.0000
2066.4000 35858.8000
2067.5000 35867.6000
2068.6000 35876.4000
2069.7000 35885.2000
2070.8000 35894.0000
2071.9000 35902.8000
2073.0000 35911.6000
2074.1000 35920.4000
2075.2000 35929.2000
2076.3000 35938.0000
2077.4000 35946.8000
2078.5000 35955.6000
2079.6000 35964.4000
2080.7000 35973.2000
2081.8000 35982.0000
2082.9000 35990.8000
2084.0000 35999.6000
2085.1000 36008.4000
2086.2000 36017.2000
2087.3000 36026.0000
2088.4000 36034.8000
2089.5000 36043.6000
2090.6000 36052.4000
2091.7000 36061.2000
2092.8000 36070.0000
2093.9000 36078.8000
2095.0000 36087.6000
2096.1000 36096.4000
2097.2000 36105.2000
2098.3000 36114.6000
2099.4000 36124.5000
2100.5000 36134.4000
2101.6000 36146.4000
2102.7000 36158.5000
2103.8000 36170.6000
2104.9000 36182.7000
2106.0000 36194.8000
2107.1000 36206.9000
2108.2000 36219.0000
2109.3000 36231.1000
2110.4000 36243.2000
2111.5000 36255.3000
2112.6000 36267.4000
2113.7000 36279.5000
2114.8000 36291.6000
2115.9000 36303.7000
2117.0000 36315.8000
2118.1000 36327.9000
2119.2000 36340.0000
2120.3000 36352.1000
2121.4000 36364.2000
2122.5000 36376.3000
2123.6000 36388.4000
2124.7000 36400.5000
2125.8000 36412.6000
2126.9000 36424.7000
2128.0000 36436.8000
2129.1000 36448.9000
2130.2000 36461.0000
2131.3000 36473.1000
2132.4000 36485.2000
2133.5000 36497.3000
2134.6000 36509.4000
2135.7000 36521.5000
2136.8000 36533.6000
2137.9000 36545.7000
2139.0000 36557.8000
2140.1000 36569.9000
2141.2000 36582.0000
2142.3000 36594.1000
2143.4000 36606.2000
2144.5000 36618.3000
2145.6000 36630.4000
2146.7000 36642.5000
2147.8000 36654.6000
2148.9000 36666.7000
2150.0000 36678.8000
2151.1000 36690.9000
2152.2000 36703.0000
2153.3000 36715.1000
2154.4000 36727.2000
2155.5000 36740.1000
2156.6000 36753.3000
2157.7000 36766.5000
2158.8000 36779.7000
2159.9000 36792.9000
2161.0000 36806.1000
2162.1000 36819.3000
2163.2000 36832.5000
2164.3000 36845.7000
2165.4000 36858.9000
2166.5000 36872.1000
2167.6000 36885.3000
2168.7000 36898.5000
2169.8000 36911.7000
2170.9000 36926.7000
2172.0000 36942.1000
2173.1000 36957.5000
2174.2000 36972.9000
2175.3000 36988.3000
2176.4000 37003.7000
2177.5000 37019.1000
2178.6000 37034.5000
2179.7000 37049.9000
2180.8000 37065.3000
2181.9000 37080.7000
2183.0000 37096.1000
2184.1000 37111.5000
2185.2000 37126.9000
2186.3000 37142.3000
2187.4000 37157.7000
2188.5000 37173.1000
2189.6000 37188.5000
2190.7000 37203.9000
2191.8000 37219.3000
2192.9000 37234.7000
2194.0000 37250.1000
2195.1000 37265.5000
2196.2000 37280.9000
2197.3000 37296.3000
2198.4000 37311.7000
2199.5000 37327.1000
2200.6000 37342.5000
2201.7000 37357.9000
2202.8000 37373.3000
2203.9000 37388.7000
2205.0000 37404.1000
2206.1000 37419.5000
2207.2000 37434.9000
2208.3000 37450.3000
2209.4000 37465.7000
2210.5000 37481.1000
2211.6000 37496.5000
2212.7000 37511.9000
2213.8000 37527.3000
2214.9000 37542.7000
2216.0000 37558.1000
2217.1000 37573.5000
2218.2000 37588.9000
2219.3000 37604.3000
2220.4000 37619.7000
2221.5000 37635.1000
2222.6000 37650.5000
2223.7000 37665.9000
2224.8000 37681.3000
2225.9000 37696.7000
2227.0000 37712.1000
2228.1000 37727.5000
2229.2000 37742.9000
2230.3000 37758.3000
2231.4000 37773.7000
2232.5000 37789.1000
2233.6000 37804.5000
2234.7000 37819.9000
2235.8000 37835.3000
2236.9000 37850.7000
2238.0000 37866.1000
2239.1000 37881.5000
2240.2000 37896.9000
2241.3000 37912.3000
2242.4000 37927.7000
2243.5000 37943.1000
2244.6000 37958.5000
2245.7000 37973.9000
2246.8000 37989.3000
2247.9000 38004.7000
2249.0000 38020.1000
2250.1000 38035.5000
2251.2000 38050.9000
2252.3000 38066.3000
2253.4000 38081.7000
2254.5000 38097.1000
2255.6000 38112.5000
2256.7000 38127.9000
2257.8000 38143.3000
2258.9000 38158.7000
2260.0000 38174.1000
2261.1000 38189.5000
2262.2000 38204.9000
2263.3000 38220.3000
2264.4000 38235.7000
2265.5000 38251.1000
2266.6000 38266.5000
2267.7000 38281.9000
2268.8000 38297.3000
2269.9000 38312.7000
2271.0000 38328.1000
2272.1000 38343.5000
2273.2000 38358.9000
2274.3000 38374.3000
2275.4000 38389.7000
2276.5000 38405.1000
2277.6000 38420.5000
2278.7000 38435.9000
2279.8000 38451.3000
2280.9000 38466.7000
2282.0000 38482.1000
2283.1000 38497.5000
2284.2000 38512.9000
2285.3000 38528.3000
2286.4000 38543.7000
2287.5000 38559.1000
2288.6000 38574.5000
2289.7000 38589.9000
2290.8000 38605.3000
2291.9000 38620.7000
2293.0000 38636.1000
2294.1000 38651.5000
2295.2000 38666.9000
2296.3000 38682.3000
2297.4000 38697.7000
2298.5000 38713.1000
2299.6000 38728.5000
2300.7000 38743.9000
2301.8000 38759.3000
2302.9000 38774.7000
2304.0000 38790.1000
2305.1000 38805.5000
2306.2000 38820.9000
2307.3000 38836.3000
2308.4000 38851.7000
2309.5000 38867.1000
2310.6000 38882.5000
2311.7000 38897.9000
2312.8000 38913.3000
2313.9000 38928.7000
2315.0000 38944.1000
2316.1000 38959.5000
2317.2000 38974.9000
2318.3000 38990.3000
2319.4000 39005.7000
2320.5000 39021.1000
2321.6000 39036.5000
2322.7000 39051.9000
2323.8000 39067.3000
2324.9000 39082.7000
2326.0000 39098.1000
2327.1000 39113.5000
2328.2000 39128.9000
2329.3000 39144.3000
2330.4000 39159.7000
2331.5000 39175.1000
2332.6000 39190.5000
2333.7000 39205.9000
2334.8000 39221.3000
2335.9000 39236.7000
2337.0000 39252.1000
2338.1000 39267.5000
2339.2000 39282.9000
2340.3000 39298.3000
2341.4000 39313.7000
2342.5000 39329.1000
2343.6000 39344.5000
2344.7000 39359.9000
2345.8000 39375.3000
2346.9000 39390.7000
2348.0000 39406.1000
2349.1000 39421.5000
2350.2000 39436.9000
2351.3000 39452.3000
2352.4000 39467.7000
2353.5000 39483.1000
2354.6000 39498.5000
2355.7000 39513.9000
2356.8000 39529.3000
2357.9000 39544.7000
2359.0000 39560.1000
2360.1000 39575.5000
2361.2000 39590.9000
2362.3000 39606.3000
2363.4000 39621.7000
2364.5000 39637.1000
2365.6000 39652.5000
2366.7000 39667.9000
2367.8000 39683.3000
2368.9000 39698.7000
2370.0000 39714.1000
2371.1000 39729.5000
2372.2000 39744.9000
2373.3000 39760.3000
2374.4000 39775.7000
2375.5000 39791.1000
2376.6000 39806.5000
2377.7000 39821.9000
2378.8000 39837.3000
2379.9000 39852.7000
2381.0000 39868.1000
2382.1000 39883.5000
2383.2000 39898.9000
2384.3000 39914.3000
2385.4000 39929.7000
2386.5000 39945.1000
2387.6000 39960.5000
2388.7000 39975.9000
2389.8000 39991.3000
2390.9000 40006.7000
2392.0000 40022.1000
2393.1000 40037.5000
2394.2000 40052.9000
2395.3000 40068.3000
2396.4000 40083.7000
2397.5000 40099.1000
2398.6000 40114.5000
2399.7000 40129.9000
2400.8000 40145.3000
2401.9000 40160.7000
2403.0000 40176.1000
2404.1000 40191.5000
2405.2000 40206.9000
2406.3000 40222.3000
2407.4000 40237.7000
2408.5000 40253.1000
2409.6000 40268.5000
2410.7000 40283.9000
2411.8000 40299.3000
2412.9000 40314.7000
2414.0000 40330.1000
2415.1000 40345.5000
2416.2000 40360.9000
2417.3000 40376.3000
2418.4000 40391.7000
2419.5000 40407.1000
2420.6000 40422.5000
2421.7000 40437.9000
2422.8000 40453.3000
2423.9000 40468.7000
2425.0000 40484.1000
2426.1000 40499.5000
2427.2000 40514.9000
2428.3000 40530.3000
2429.4000 40545.7000
2430.5000 40561.1000
2431.6000 40576.5000
2432.7000 40591.9000
2433.8000 40607.3000
2434.9000 40622.7000
2436.0000 40638.1000
2437.1000 40653.5000
2438.2000 40668.9000
2439.3000 40684.3000
2440.4000 40699.7000
2441.5000 40715.1000
2442.6000 40730.5000
2443.7000 40745.9000
2444.8000 40761.3000
2445.9000 40776.7000
2447.0000 40792.1000
2448.1000 40807.5000
2449.2000 40822.9000
2450.3000 40838.3000
2451.4000 40853.7000
2452.5000 40869.1000
2453.6000 40884.5000
2454.7000 40899.9000
2455.8000 40915.3000
2456.9000 40930.7000
2458.0000 40946.1000
2459.1000 40961.5000
2460.2000 40976.9000
2461.3000 40992.3000
2462.4000 41007.7000
2463.5000 41023.1000
2464.6000 41038.5000
2465.7000 41053.9000
2466.8000 41069.3000
2467.9000 41084.7000
2469.0000 41100.1000
2470.1000 41115.5000
2471.2000 41130.9000
2472.3000 41146.3000
2473.4000 41161.7000
2474.5000 41177.1000
2475.6000 41192.5000
2476.7000 41207.9000
2477.8000 41223.3000
2478.9000 41238.7000
2480.0000 41254.1000
2481.1000 41269.5000
2482.2000 41284.9000
2483.3000 41300.3000
2484.4000 41315.7000
2485.5000 41331.1000
2486.6000 41346.5000
2487.7000 41361.9000
2488.8000 41377.3000
2489.9000 41392.7000
2491.0000 41408.1000
2492.1000 41423.5000
2493.2000 41438.9000
2494.3000 41454.3000
2495.4000 41469.7000
2496.5000 41485.1000
2497.6000 41500.5000
2498.7000 41515.9000
2499.8000 41531.3000
2500.9000 41546.7000
2502.0000 41562.1000
2503.1000 41577.5000
2504.2000 41592.9000
2505.3000 41608.3000
2506.4000 41623.7000
2507.5000 41639.1000
2508.6000 41654.5000
2509.7000 41669.9000
2510.8000 41685.3000
2511.9000 41700.7000
2513.0000 41716.1000
2514.1000 41731.5000
2515.2000 41746.9000
2516.3000 41762.3000
2517.4000 41777.7000
2518.5000 41793.1000
2519.6000 41808.5000
2520.7000 41823.9000
2521.8000 41839.3000
2522.9000 41854.7000
2524.0000 41870.1000
2525.1000 41885.5000
2526.2000 41900.9000
2527.3000 41916.3000
2528.4000 41931.7000
2529.5000 41947.1000
2530.6000 41962.5000
2531.7000 41977.9000
2532.8000 41993.3000
2533.9000 42008.7000
2535.0000 42024.1000
2536.1000 42039.5000
2537.2000 42054.9000
2538.3000 42070.3000
2539.4000 42085.7000
2540.5000 42101.1000
2541.6000 42116.5000
2542.7000 42131.9000
2543.8000 42147.3000
2544.9000 42162.7000
2546.0000 42178.1000
2547.1000 42193.5000
2548.2000 42208.9000
2549.3000 42224.3000
2550.4000 42239.7000
2551.5000 42255.1000
2552.6000 42270.5000
2553.7000 42285.9000
2554.8000 42301.3000
2555.9000 42316.7000
2557.0000 42332.1000
2558.1000 42347.5000
2559.2000 42362.9000
2560.3000 42378.3000
2561.4000 42393.7000
2562.5000 42409.1000
2563.6000 42424.5000
2564.7000 42439.9000
2565.8000 42455.3000
2566.9000 42470.7000
2568.0000 42486.1000
2569.1000 42501.5000
2570.2000 42516.9000
2571.3000 42532.3000
2572.4000 42547.7000
2573.5000 42563.1000
2574.6000 42578.5000
2575.7000 42593.9000
2576.8000 42609.3000
2577.9000 42624.7000
2579.0000 42640.1000
2580.1000 42655.5000
2581.2000 42670.9000
2582.3000 42686.3000
2583.4000 42701.7000
2584.5000 42717.1000
2585.6000 42732.5000
2586.7000 42747.9000
2587.8000 42763.3000
2588.9000 42778.7000
2590.0000 42794.1000
2591.1000 42809.5000
2592.2000 42824.9000
2593.3000 42840.3000
2594.4000 42855.7000
2595.5000 42871.1000
2596.6000 42886.5000
2597.7000 42901.9000
2598.8000 42917.3000
2599.9000 42932.7000
2601.0000 42948.1000
2602.1000 42963.5000
2603.2000 42978.9000
2604.3000 42994.3000
2605.4000 43009.7000
2606.5000 43025.1000
2607.6000 43040.5000
2608.7000 43055.9000
2609.8000 43071.3000
2610.9000 43086.7000
2612.0000 43102.1000
2613.1000 43117.5000
2614.2000 43132.9000
2615.3000 43148.3000
2616.4000 43163.7000
2617.5000 43179.1000
2618.6000 43194.5000
2619.7000 43209.9000
2620.8000 43225.3000
2621.9000 43240.7000
2623.0000 43256.1000
2624.1000 43271.5000
2625.2000 43286.9000
2626.3000 43302.3000
2627.4000 43317.7000
2628.5000 43333.1000
2629.6000 43348.5000
2630.7000 43363.9000
2631.8000 43379.3000
2632.9000 43394.7000
2634.0000 43410.1000
2635.1000 43425.5000
2636.2000 43440.9000
2637.3000 43456.3000
2638.4000 43471.7000
2639.5000 43487.1000
2640.6000 43502.5000
2641.7000 43517.9000
2642.8000 43533.3000
2643.9000 43548.7000
2645.0000 43564.1000
2646.1000 43579.5000
2647.2000 43594.9000
2648.3000 43610.3000
2649.4000 43625.7000
2650.5000 43641.1000
2651.6000 43656.5000
2652.7000 43671.9000
2653.8000 43687.3000
2654.9000 43702.7000
2656.0000 43718.1000
2657.1000 43733.5000
2658.2000 43748.9000
2659.3000 43764.3000
2660.4000 43779.7000
2661.5000 43795.1000
2662.6000 43810.5000
2663.7000 43825.9000
2664.8000 43841.3000
2665.9000 43856.7000
2667.0000 43872.1000
2668.1000 43887.5000
2669.2000 43902.9000
2670.3000 43918.3000
2671.4000 43933.7000
2672.5000 43949.1000
2673.6000 43964.5000
2674.7000 43979.9000
2675.8000 43995.3000
2676.9000 44010.7000
2678.0000 44026.1000
2679.1000 44041.5000
2680.2000 44056.9000
2681.3000 44072.3000
2682.4000 44087.7000
2683.5000 44103.1000
2684.6000 44118.5000
2685.7000 44133.9000
2686.8000 44149.3000
2687.9000 44164.7000
2689.0000 44180.1000
2690.1000 44195.5000
2691.2000 44210.9000
2692.3000 44226.3000
2693.4000 44241.7000
2694.5000 44257.1000
2695.6000 44272.5000
2696.7000 44287.9000
2697.8000 44303.3000
2698.9000 44318.7000
2700.0000 44334.1000
2701.1000 44349.5000
2702.2000 44364.9000
2703.3000 44380.3000
2704.4000 44395.7000
2705.5000 44411.1000
2706.6000 44426.5000
2707.7000 44441.9000
2708.8000 44457.3000
2709.9000 44472.7000
2711.0000 44488.1000
2712.1000 44503.5000
2713.2000 44518.9000
2714.3000 44534.3000
2715.4000 44549.7000
2716.5000 44565.1000
2717.6000 44580.5000
2718.7000 44595.9000
2719.8000 44611.3000
2720.9000 44626.7000
2722.0000 44642.1000
2723.1000 44657.5000
2724.2000 44672.9000
2725.3000 44688.3000
2726.4000 44703.7000
2727.5000 44719.1000
2728.6000 44734.5000
2729.7000 44749.9000
2730.8000 44765.3000
2731.9000 44780.7000
2733.0000 44796.1000
2734.1000 44811.5000
2735.2000 44826.9000
2736.3000 44842.3000
2737.4000 44857.7000
2738.5000 44873.1000
2739.6000 44888.5000
2740.7000 44903.9000
2741.8000 44919.3000
2742.9000 44934.7000
2744.0000 44950.1000
2745.1000 44965.5000
2746.2000 44980.9000
2747.3000 44996.3000
2748.4000 45011.7000
2749.5000 45027.1000
2750.6000 45042.5000
2751.7000 45057.9000
2752.8000 45073.3000
2753.9000 45088.7000
2755.0000 45104.1000
2756.1000 45119.5000
2757.2000 45134.9000
2758.3000 45150.3000
2759.4000 45165.7000
2760.5000 45181.1000
2761.6000 45196.5000
2762.7000 45211.9000
2763.8000 45227.3000
2764.9000 45242.7000
2766.0000 45258.1000
2767.1000 45273.5000
2768.2000 45288.9000
2769.3000 45304.3000
2770.4000 45319.7000
2771.5000 45335.1000
2772.6000 45350.5000
2773.7000 45365.9000
2774.8000 45381.3000
2775.9000 45396.7000
2777.0000 45412.1000
2778.1000 45427.5000
2779.2000 45442.9000
2780.3000 45458.3000
2781.4000 45473.7000
2782.5000 45489.1000
2783.6000 45504.5000
2784.7000 45519.9000
2785.8000 45535.3000
2786.9000 45550.7000
2788.0000 45566.1000
2789.1000 45581.5000
2790.2000 45596.9000
2791.3000 45612.7000
2792.4000 45631.4000
2793.5000 45650.1000
2794.6000 45668.8000
2795.7000 45687.5000
2796.8000 45706.2000
2797.9000 45724.9000
2799.0000 45743.6000
2800.1000 45762.3000
2801.2000 45781.0000
2802.3000 45799.7000
2803.4000 45818.4000
2804.5000 45837.1000
2805.6000 45855.8000
2806.7000 45874.5000
2807.8000 45893.2000
2808.9000 45911.9000
2810.0000 45930.6000
2811.1000 45951.7000
2812.2000 45974.8000
2813.3000 45996.0000
2814.4000 46014.7000
2815.5000 46033.4000
2816.6000 46052.1000
2817.7000 46070.8000
2818.8000 46089.5000
2819.9000 46108.2000
2821.0000 46126.9000
2822.1000 46145.6000
2823.2000 46164.3000
2824.3000 46183.0000
2825.4000 46201.7000
2826.5000 46220.4000
2827.6000 46239.1000
2828.7000 46257.8000
2829.8000 46276.5000
2830.9000 46295.2000
2832.0000 46313.9000
2833.1000 46332.6000
2834.2000 46351.3000
2835.3000 46370.0000
2836.4000 46388.7000
2837.5000 46407.4000
2838.6000 46426.1000
2839.7000 46444.8000
2840.8000 46463.5000
2841.9000 46482.2000
2843.0000 46500.9000
2844.1000 46519.6000
2845.2000 46538.3000
2846.3000 46557.0000
2847.4000 46575.7000
2848.5000 46594.4000
2849.6000 46613.1000
2850.7000 46631.8000
2851.8000 46650.5000
2852.9000 46669.2000
2854.0000 46687.9000
2855.1000 46706.6000
2856.2000 46725.3000
2857.3000 46744.0000
2858.4000 46762.7000
2859.5000 46781.4000
2860.6000 46800.1000
2861.7000 46818.8000
2862.8000 46837.5000
2863.9000 46856.2000
2865.0000 46874.9000
2866.1000 46893.6000
2867.2000 46912.3000
2868.3000 46931.0000
2869.4000 46949.7000
2870.5000 46968.4000
2871.6000 46987.1000
2872.7000 47005.8000
2873.8000 47024.5000
2874.9000 47043.2000
2876.0000 47061.9000
2877.1000 47080.6000
2878.2000 47099.3000
2879.3000 47118.0000
2880.4000 47136.7000
2881.5000 47155.4000
2882.6000 47174.1000
2883.7000 47192.8000
2884.8000 47211.5000
2885.9000 47230.2000
2887.0000 47248.9000
2888.1000 47268.0000
2889.2000 47287.1000
2890.3000 47305.8000
2891.4000 47324.5000
2892.5000 47343.2000
2893.6000 47361.9000
2894.7000 47380.6000
2895.8000 47399.3000
2896.9000 47418.0000
2898.0000 47436.7000
2899.1000 47455.4000
2900.2000 47474.1000
2901.3000 47492.8000
2902.4000 47511.5000
2903.5000 47530.2000
2904.6000 47548.9000
2905.7000 47567.6000
2906.8000 47586.3000
2907.9000 47605.0000
2909.0000 47623.7000
2910.1000 47642.4000
2911.2000 47661.1000
2912.3000 47679.8000
2913.4000 47698.5000
2914.5000 47717.2000
2915.6000 47735.9000
2916.7000 47754.6000
2917.8000 47773.3000
2918.9000 47792.0000
2920.0000 47810.7000
2921.1000 47829.4000
2922.2000 47848.1000
2923.3000 47866.8000
2924.4000 47885.5000
2925.5000 47907.5000
2926.6000 47929.5000
2927.7000 47951.5000
2928.8000 47973.5000
2929.9000 47995.5000
2931.0000 48017.5000
2932.1000 48039.5000
2933.2000 48061.5000
2934.3000 48083.5000
2935.4000 48105.5000
2936.5000 48127.5000
2937.6000 48149.5000
2938.7000 48171.5000
2939.8000 48193.5000
2940.9000 48215.5000
2942.0000 48237.5000
2943.1000 48259.5000
2944.2000 48281.5000
2945.3000 48303.5000
2946.4000 48325.5000
2947.5000 48347.5000
2948.6000 48369.5000
2949.7000 48391.5000
2950.8000 48413.5000
2951.9000 48435.5000
2953.0000 48457.5000
2954.1000 48479.5000
2955.2000 48501.5000
2956.3000 48523.5000
2957.4000 48545.5000
2958.5000 48567.5000
2959.6000 48589.5000
2960.7000 48611.5000
2961.8000 48637.8000
2962.9000 48664.2000
2964.0000 48690.6000
2965.1000 48717.0000
2966.2000 48743.4000
2967.3000 48769.8000
2968.4000 48796.2000
2969.5000 48822.6000
2970.6000 48849.0000
2971.7000 48875.4000
2972.8000 48901.8000
2973.9000 48928.2000
2975.0000 48954.6000
2976.1000 48981.0000
2977.2000 49007.4000
2978.3000 49033.8000
2979.4000 49060.2000
2980.5000 49086.6000
2981.6000 49113.0000
2982.7000 49139.4000
2983.8000 49165.8000
2984.9000 49192.2000
2986.0000 49218.6000
2987.1000 49245.0000
2988.2000 49271.4000
2989.3000 49297.8000
2990.4000 49324.2000
2991.5000 49350.6000
2992.6000 49377.0000
2993.7000 49403.4000
2994.8000 49429.8000
2995.9000 49456.2000
2997.0000 49482.6000
2998.1000 49509.0000
2999.2000 49535.4000
3000.3000 49561.8000
3001.4000 49588.2000
3002.5000 49614.6000
3003.6000 49641.0000
3004.7000 49667.4000
3005.8000 49693.8000
3006.9000 49720.2000
3008.0000 49746.6000
3009.1000 49773.0000
3010.2000 49799.4000
3011.3000 49825.8000
3012.4000 49852.2000
3013.5000 49878.6000
3014.6000 49905.0000
3015.7000 49931.4000
3016.8000 49957.8000
3017.9000 49984.2000
3019.0000 50010.6000
3020.1000 50037.0000
3021.2000 50063.4000
3022.3000 50089.8000
3023.4000 50116.2000
3024.5000 50142.6000
3025.6000 50169.0000
3026.7000 50195.4000
3027.8000 50221.8000
3028.9000 50248.2000
3030.0000 50274.6000
3031.1000 50301.0000
3032.2000 50327.4000
3033.3000 50353.8000
3034.4000 50380.2000
3035.5000 50406.6000
3036.6000 50433.0000
3037.7000 50459.4000
3038.8000 50485.8000
3039.9000 50512.2000
3041.0000 50538.6000
3042.1000 50565.0000
3043.2000 50591.4000
3044.3000 50617.8000
3045.4000 50644.2000
3046.5000 50670.6000
3047.6000 50697.0000
3048.7000 50723.4000
3049.8000 50749.8000
3050.9000 50776.2000
3052.0000 50802.6000
3053.1000 50829.0000
3054.2000 50855.4000
3055.3000 50881.8000
3056.4000 50908.2000
3057.5000 50934.6000
3058.6000 50961.0000
3059.7000 50987.4000
3060.8000 51013.8000
3061.9000 51040.2000
3063.0000 51066.6000
3064.1000 51093.0000
3065.2000 51119.4000
3066.3000 51145.8000
3067.4000 51172.2000
3068.5000 51198.6000
3069.6000 51225.0000
3070.7000 51251.4000
3071.8000 51277.8000
3072.9000 51304.2000
3074.0000 51330.6000
3075.1000 51357.0000
3076.2000 51383.4000
3077.3000 51409.8000
3078.4000 51436.2000
3079.5000 51462.6000
3080.6000 51489.0000
3081.7000 51515.4000
3082.8000 51541.8000
3083.9000 51568.2000
3085.0000 51594.6000
3086.1000 51621.0000
3087.2000 51647.4000
3088.3000 51673.8000
3089.4000 51700.2000
3090.5000 51726.6000
3091.6000 51753.0000
3092.7000 51779.4000
3093.8000 51805.8000
3094.9000 51832.2000
3096.0000 51858.6000
3097.1000 51885.0000
3098.2000 51911.4000
3099.3000 51937.8000
3100.4000 51964.2000
3101.5000 51990.6000
3102.6000 52017.0000
3103.7000 52043.4000
3104.8000 52069.8000
3105.9000 52096.2000
3107.0000 52122.6000
3108.1000 52149.0000
3109.2000 52175.4000
3110.3000 52201.8000
3111.4000 52228.2000
3112.5000 52254.6000
3113.6000 52281.0000
3114.7000 52307.4000
3115.8000 52333.8000
3116.9000 52360.2000
3118.0000 52386.6000
3119.1000 52413.0000
3120.2000 52439.4000
3121.3000 52465.8000
3122.4000 52492.2000
3123.5000 52518.6000
3124.6000 52545.0000
3125.7000 52571.4000
3126.8000 52597.8000
3127.9000 52624.2000
3129.0000 52650.6000
3130.1000 52677.0000
3131.2000 52703.4000
3132.3000 52729.8000
3133.4000 52756.2000
3134.5000 52782.6000
3135.6000 52809.0000
3136.7000 52835.4000
3137.8000 52861.8000
3138.9000 52888.2000
3140.0000 52914.6000
3141.1000 52941.0000
3142.2000 52967.4000
3143.3000 52993.8000
3144.4000 53020.2000
3145.5000 53046.6000
3146.6000 53073.0000
3147.7000 53099.4000
3148.8000 53125.8000
3149.9000 53152.2000
3151.0000 53178.6000
3152.1000 53205.0000
3153.2000 53231.4000
3154.3000 53257.8000
3155.4000 53284.2000
3156.5000 53310.6000
3157.6000 53337.0000
3158.7000 53363.4000
3159.8000 53389.8000
3160.9000 53416.2000
3162.0000 53442.6000
3163.1000 53469.0000
3164.2000 53495.4000
3165.3000 53521.8000
3166.4000 53548.2000
3167.5000 53574.6000
3168.6000 53601.0000
3169.7000 53627.4000
3170.8000 53653.8000
3171.9000 53680.2000
3173.0000 53706.6000
3174.1000 53733.0000
3175.2000 53759.4000
3176.3000 53785.8000
3177.4000 53812.2000
3178.5000 53838.6000
3179.6000 53865.0000
3180.7000 53891.4000
3181.8000 53917.8000
3182.9000 53944.2000
3184.0000 53970.6000
3185.1000 53997.0000
3186.2000 54023.4000
3187.3000 54049.8000
3188.4000 54076.2000
3189.5000 54102.6000
3190.6000 54129.0000
3191.7000 54155.4000
3192.8000 54181.8000
3193.9000 54208.2000
3195.0000 54234.6000
3196.1000 54261.0000
3197.2000 54287.4000
3198.3000 54313.8000
3199.4000 54340.2000
3200.5000 54366.6000
3201.6000 54393.0000
3202.7000 54419.4000
3203.8000 54445.8000
3204.9000 54472.2000
3206.0000 54498.6000
3207.1000 54525.0000
3208.2000 54551.4000
3209.3000 54577.8000
3210.4000 54604.2000
3211.5000 54630.6000
3212.6000 54657.0000
3213.7000 54683.4000
3214.8000 54709.8000
3215.9000 54736.2000
3217.0000 54762.6000
3218.1000 54789.0000
3219.2000 54815.4000
3220.3000 54841.8000
3221.4000 54868.2000
3222.5000 54894.6000
3223.6000 54921.0000
3224.7000 54947.4000
3225.8000 54973.8000
3226.9000 55000.2000
3228.0000 55026.6000
3229.1000 55053.0000
3230.2000 55079.4000
3231.3000 55105.8000
3232.4000 55132.2000
3233.5000 55158.6000
3234.6000 55185.0000
3235.7000 55211.4000
3236.8000 55237.8000
3237.9000 55264.2000
3239.0000 55290.6000
3240.1000 55317.0000
3241.2000 55343.4000
3242.3000 55369.8000
3243.4000 55396.2000
3244.5000 55422.6000
3245.6000 55449.0000
3246.7000 55475.4000
3247.8000 55501.8000
3248.9000 55528.2000
3250.0000 55554.6000
3251.1000 55581.0000
3252.2000 55607.4000
3253.3000 55633.8000
3254.4000 55660.2000
3255.5000 55686.6000
3256.6000 55713.0000
3257.7000 55739.4000
3258.8000 55765.8000
3259.9000 55792.2000
3261.0000 55818.6000
3262.1000 55845.0000
3263.2000 55871.4000
3264.3000 55897.8000
3265.4000 55924.2000
3266.5000 55950.6000
3267.6000 55977.0000
3268.7000 56003.4000
3269.8000 56029.8000
3270.9000 56056.2000
3272.0000 56082.6000
3273.1000 56109.0000
3274.2000 56135.4000
3275.3000 56161.8000
3276.4000 56188.2000
3277.5000 56214.6000
3278.6000 56241.0000
3279.7000 56267.4000
3280.8000 56293.8000
3281.9000 56320.2000
3283.0000 56346.6000
3284.1000 56373.0000
3285.2000 56399.4000
3286.3000 56425.8000
3287.4000 56452.2000
3288.5000 56478.6000
3289.6000 56505.0000
3290.7000 56531.4000
3291.8000 56557.8000
3292.9000 56584.2000
3294.0000 56610.6000
3295.1000 56637.0000
3296.2000 56663.4000
3297.3000 56689.8000
3298.4000 56716.2000
3299.5000 56742.6000
3300.6000 56769.0000
3301.7000 56795.4000
3302.8000 56821.8000
3303.9000 56848.2000
3305.0000 56874.6000
3306.1000 56901.0000
3307.2000 56927.4000
3308.3000 56953.8000
3309.4000 56980.2000
3310.5000 57006.6000
3311.6000 57033.0000
3312.7000 57059.4000
3313.8000 57085.8000
3314.9000 57112.2000
3316.0000 57138.6000
3317.1000 57165.0000
3318.2000 57191.4000
3319.3000 57217.8000
3320.4000 57244.2000
3321.5000 57270.6000
3322.6000 57297.0000
3323.7000 57323.4000
3324.8000 57349.8000
3325.9000 57376.2000
3327.0000 57402.6000
3328.1000 57429.0000
3329.2000 57455.4000
3330.3000 57481.8000
3331.4000 57508.2000
3332.5000 57534.6000
3333.6000 57561.0000
3334.7000 57587.4000
3335.8000 57613.8000
3336.9000 57640.2000
3338.0000 57666.6000
3339.1000 57693.0000
3340.2000 57719.4000
3341.3000 57745.8000
3342.4000 57772.2000
3343.5000 57798.6000
3344.6000 57825.0000
3345.7000 57851.4000
3346.8000 57877.8000
3347.9000 57904.2000
3349.0000 57930.6000
3350.1000 57957.0000
3351.2000 57983.4000
3352.3000 58009.8000
3353.4000 58036.2000
3354.5000 58062.6000
3355.6000 58089.0000
3356.7000 58115.4000
3357.8000 58141.8000
3358.9000 58168.2000
3360.0000 58194.6000
3361.1000 58221.0000
3362.2000 58247.4000
3363.3000 58273.8000
3364.4000 58300.2000
3365.5000 58326.6000
3366.6000 58353.0000
3367.7000 58379.4000
3368.8000 58405.8000
3369.9000 58432.2000
3371.0000 58458.6000
3372.1000 58485.0000
3373.2000 58511.4000
3374.3000 58537.8000
3375.4000 58564.2000
3376.5000 58590.6000
3377.6000 58617.0000
3378.7000 58643.4000
3379.8000 58669.8000
3380.9000 58696.2000
3382.0000 58722.6000
3383.1000 58749.0000
3384.2000 58775.4000
3385.3000 58801.8000
3386.4000 58828.2000
3387.5000 58854.6000
3388.6000 58881.0000
3389.7000 58907.4000
3390.8000 58933.8000
3391.9000 58960.2000
3393.0000 58986.6000
3394.1000 59013.0000
3395.2000 59039.4000
3396.3000 59065.8000
3397.4000 59092.2000
3398.5000 59118.6000
3399.6000 59145.0000
3400.7000 59171.4000
3401.8000 59197.8000
3402.9000 59224.2000
3404.0000 59250.6000
3405.1000 59277.0000
3406.2000 59303.4000
3407.3000 59329.8000
3408.4000 59356.2000
3409.5000 59382.6000
3410.6000 59409.0000
3411.7000 59435.4000
3412.8000 59461.8000
3413.9000 59488.2000
3415.0000 59514.6000
3416.1000 59541.0000
3417.2000 59567.4000
3418.3000 59593.8000
3419.4000 59620.2000
3420.5000 59646.9000
3421.6000 59677.7000
3422.7000 59708.5000
3423.8000 59739.3000
3424.9000 59770.1000
3426.0000 59800.9000
3427.1000 59831.7000
3428.2000 59862.5000
3429.3000 59893.3000
3430.4000 59924.1000
3431.5000 59954.9000
3432.6000 59985.7000
3433.7000 60016.5000
3434.8000 60047.3000
3435.9000 60078.1000
3437.0000 60108.9000
3438.1000 60139.7000
3439.2000 60170.5000
3440.3000 60201.3000
3441.4000 60233.3000
3442.5000 60269.6000
3443.6000 60305.9000
3444.7000 60342.2000
3445.8000 60378.5000
3446.9000 60414.8000
3448.0000 60451.1000
3449.1000 60487.4000
3450.2000 60523.7000
3451.3000 60560.0000
3452.4000 60596.3000
3453.5000 60632.6000
3454.6000 60668.9000
3455.7000 60705.2000
3456.8000 60741.5000
3457.9000 60777.8000
3459.0000 60814.1000
3460.1000 60850.4000
3461.2000 60886.7000
3462.3000 60923.0000
3463.4000 60959.3000
3464.5000 60995.6000
3465.6000 61031.9000
3466.7000 61068.2000
3467.8000 61104.5000
3468.9000 61140.8000
3470.0000 61177.1000
3471.1000 61213.4000
3472.2000 61249.7000
3473.3000 61286.0000
3474.4000 61322.3000
3475.5000 61358.6000
3476.6000 61394.9000
3477.7000 61431.2000
3478.8000 61467.5000
3479.9000 61503.8000
3481.0000 61540.1000
3482.1000 61576.4000
3483.2000 61612.7000
3484.3000 61649.0000
3485.4000 61685.3000
3486.5000 61721.6000
3487.6000 61757.9000
3488.7000 61794.2000
3489.8000 61830.5000
3490.9000 61866.8000
3492.0000 61903.1000
3493.1000 61939.4000
3494.2000 61975.7000
3495.3000 62012.0000
3496.4000 62048.3000
3497.5000 62084.6000
3498.6000 62120.9000
3499.7000 62157.2000
3500.8000 62193.5000
3501.9000 62229.8000
3503.0000 62266.1000
3504.1000 62302.4000
3505.2000 62338.7000
3506.3000 62375.0000
3507.4000 62411.3000
3508.5000 62447.6000
3509.6000 62483.9000
3510.7000 62520.2000
3511.8000 62556.5000
3512.9000 62592.8000
3514.0000 62629.1000
3515.1000 62665.4000
3516.2000 62701.7000
3517.3000 62738.0000
3518.4000 62774.3000
3519.5000 62810.6000
3520.6000 62846.9000
3521.7000 62883.2000
3522.8000 62919.5000
3523.9000 62955.8000
3525.0000 62992.1000
3526.1000 63028.4000
3527.2000 63064.7000
3528.3000 63101.2000
3529.4000 63144.1000
3530.5000 63187.0000
3531.6000 63229.9000
3532.7000 63272.8000
3533.8000 63315.7000
3534.9000 63358.6000
3536.0000 63401.5000
3537.1000 63444.4000
3538.2000 63487.3000
3539.3000 63530.2000
3540.4000 63573.1000
3541.5000 63616.0000
3542.6000 63658.9000
3543.7000 63701.8000
3544.8000 63744.7000
3545.9000 63787.6000
3547.0000 63830.5000
3548.1000 63873.4000
3549.2000 63916.3000
3550.3000 63959.2000
3551.4000 64002.1000
3552.5000 64045.0000
3553.6000 64087.9000
3554.7000 64130.8000
3555.8000 64173.7000
3556.9000 64216.6000
3558.0000 64259.5000
3559.1000 64302.4000
3560.2000 64345.3000
3561.3000 64388.2000
3562.4000 64431.1000
3563.5000 64474.0000
3564.6000 64516.9000
3565.7000 64559.8000
3566.8000 64602.7000
3567.9000 64645.6000
3569.0000 64688.5000
3570.1000 64731.4000
3571.2000 64774.3000
3572.3000 64817.2000
3573.4000 64860.1000
3574.5000 64903.0000
3575.6000 64945.9000
3576.7000 64988.8000
3577.8000 65031.7000
3578.9000 65074.6000
3580.0000 65117.5000
3581.1000 65160.4000
3582.2000 65203.3000
3583.3000 65246.2000
3584.4000 65289.1000
3585.5000 65332.0000
3586.6000 65374.9000
3587.7000 65417.8000
3588.8000 65460.7000
3589.9000 65503.6000
3591.0000 65546.5000
3592.1000 65589.4000
3593.2000 65632.3000
3594.3000 65675.2000
3595.4000 65718.1000
3596.5000 65761.0000
3597.6000 65803.9000
3598.7000 65846.8000
3599.8000 65889.7000
3600.9000 65932.6000
3602.0000 65975.5000
3603.1000 66018.4000
3604.2000 66061.3000
3605.3000 66104.2000
3606.4000 66147.1000
3607.5000 66190.0000
3608.6000 66232.9000
3609.7000 66275.8000
3610.8000 66318.7000
3611.9000 66361.6000
3613.0000 66404.5000
3614.1000 66447.4000
3615.2000 66490.3000
3616.3000 66533.2000
3617.4000 66576.1000
3618.5000 66619.0000
3619.6000 66661.9000
3620.7000 66704.8000
3621.8000 66747.7000
3622.9000 66790.6000
3624.0000 66833.5000
3625.1000 66876.4000
3626.2000 66919.3000
3627.3000 66962.2000
3628.4000 67005.1000
3629.5000 67048.0000
3630.6000 67090.9000
3631.7000 67133.8000
3632.8000 67176.7000
3633.9000 67219.6000
3635.0000 67262.5000
3636.1000 67305.4000
3637.2000 67348.3000
3638.3000 67391.2000
3639.4000 67434.1000
3640.5000 67477.0000
3641.6000 67519.9000
3642.7000 67562.8000
3643.8000 67605.7000
3644.9000 67648.6000
3646.0000 67691.5000
3647.1000 67734.4000
3648.2000 67777.3000
3649.3000 67820.2000
3650.4000 67863.1000
3651.5000 67906.0000
3652.6000 67948.9000
3653.7000 67991.8000
3654.8000 68034.7000
3655.9000 68077.6000
3657.0000 68120.5000
3658.1000 68163.4000
3659.2000 68206.3000
3660.3000 68249.2000
3661.4000 68292.1000
3662.5000 68335.0000
3663.6000 68377.9000
3664.7000 68420.8000
3665.8000 68463.7000
3666.9000 68506.6000
3668.0000 68549.5000
3669.1000 68592.4000
3670.2000 68635.3000
3671.3000 68678.2000
3672.4000 68721.1000
3673.5000 68764.0000
3674.6000 68806.9000
3675.7000 68849.8000
3676.8000 68892.7000
3677.9000 68935.6000
3679.0000 68978.5000
3680.1000 69021.4000
3681.2000 69064.3000
3682.3000 69107.2000
3683.4000 69150.1000
3684.5000 69193.0000
3685.6000 69235.9000
3686.7000 69278.8000
3687.8000 69321.7000
3688.9000 69364.6000
3690.0000 69407.5000
3691.1000 69450.4000
3692.2000 69493.3000
3693.3000 69536.2000
3694.4000 69579.1000
3695.5000 69622.0000
3696.6000 69664.9000
3697.7000 69707.8000
3698.8000 69750.7000
3699.9000 69793.6000
3701.0000 69836.5000
3702.1000 69879.4000
3703.2000 69922.3000
3704.3000 69965.2000
3705.4000 70008.1000
3706.5000 70051.0000
3707.6000 70093.9000
3708.7000 70136.8000
3709.8000 70179.7000
3710.9000 70222.6000
3712.0000 70265.5000
3713.1000 70308.4000
3714.2000 70351.3000
3715.3000 70394.2000
3716.4000 70437.1000
3717.5000 70480.0000
3718.6000 70522.9000
3719.7000 70565.8000
3720.8000 70608.7000
3721.9000 70651.6000
3723.0000 70694.5000
3724.1000 70737.4000
3725.2000 70780.3000
3726.3000 70823.2000
3727.4000 70866.1000
3728.5000 70909.0000
3729.6000 70951.9000
3730.7000 70994.8000
3731.8000 71037.7000
3732.9000 71080.6000
3734.0000 71123.5000
3735.1000 71166.4000
3736.2000 71209.3000
3737.3000 71252.2000
3738.4000 71295.1000
3739.5000 71338.0000
3740.6000 71380.9000
3741.7000 71423.8000
3742.8000 71466.7000
3743.9000 71509.6000
3745.0000 71552.5000
3746.1000 71595.4000
3747.2000 71638.3000
3748.3000 71681.2000
3749.4000 71724.1000
3750.5000 71767.0000
3751.6000 71809.9000
3752.7000 71852.8000
3753.8000 71895.7000
3754.9000 71938.6000
3756.0000 71981.5000
3757.1000 72024.4000
3758.2000 72067.3000
3759.3000 72110.2000
3760.4000 72153.1000
3761.5000 72196.0000
3762.6000 72238.9000
3763.7000 72281.8000
3764.8000 72324.7000
3765.9000 72367.6000
3767.0000 72410.5000
3768.1000 72453.4000
3769.2000 72496.3000
3770.3000 72539.2000
3771.4000 72582.1000
3772.5000 72625.0000
3773.6000 72667.9000
3774.7000 72710.8000
3775.8000 72753.7000
3776.9000 72796.6000
3778.0000 72839.5000
3779.1000 72882.4000
3780.2000 72925.3000
3781.3000 72968.2000
3782.4000 73011.1000
3783.5000 73054.0000
3784.6000 73096.9000
3785.7000 73139.8000
3786.8000 73182.7000
3787.9000 73225.6000
3789.0000 73268.5000
3790.1000 73311.4000
3791.2000 73354.3000
3792.3000 73397.2000
3793.4000 73440.1000
3794.5000 73483.0000
3795.6000 73525.9000
3796.7000 73568.8000
3797.8000 73611.7000
3798.9000 73654.6000
3800.0000 73697.5000
3801.1000 73740.4000
3802.2000 73783.3000
3803.3000 73826.2000
3804.4000 73869.1000
3805.5000 73912.0000
3806.6000 73954.9000
3807.7000 73997.8000
3808.8000 74040.7000
3809.9000 74083.6000
3811.0000 74126.5000
3812.1000 74169.4000
3813.2000 74212.3000
3814.3000 74255.2000
3815.4000 74298.1000
3816.5000 74341.0000
3817.6000 74383.9000
3818.7000 74426.8000
3819.8000 74469.7000
3820.9000 74512.6000
3822.0000 74555.5000
3823.1000 74598.4000
3824.2000 74641.3000
3825.3000 74684.2000
3826.4000 74727.1000
3827.5000 74770.0000
3828.6000 74812.9000
3829.7000 74855.8000
3830.8000 74898.7000
3831.9000 74941.6000
3833.0000 74984.5000
3834.1000 75027.4000
3835.2000 75070.3000
3836.3000 75113.2000
3837.4000 75156.1000
3838.5000 75199.0000
3839.6000 75241.9000
3840.7000 75284.8000
3841.8000 75327.7000
3842.9000 75370.6000
3844.0000 75413.5000
3845.1000 75456.4000
3846.2000 75499.3000
3847.3000 75542.2000
3848.4000 75585.1000
3849.5000 75628.0000
3850.6000 75670.9000
3851.7000 75713.8000
3852.8000 75756.7000
3853.9000 75799.6000
3855.0000 75842.5000
3856.1000 75885.4000
3857.2000 75928.3000
3858.3000 75971.2000
3859.4000 76014.1000
3860.5000 76057.0000
3861.6000 76099.9000
3862.7000 76142.8000
3863.8000 76185.7000
3864.9000 76228.6000
3866.0000 76271.5000
3867.1000 76314.4000
3868.2000 76357.3000
3869.3000 76400.2000
3870.4000 76443.1000
3871.5000 76486.0000
3872.6000 76528.9000
3873.7000 76571.8000
3874.8000 76614.7000
3875.9000 76657.6000
3877.0000 76700.5000
3878.1000 76743.4000
3879.2000 76786.3000
3880.3000 76829.2000
3881.4000 76872.1000
3882.5000 76915.0000
3883.6000 76957.9000
3884.7000 77000.8000
3885.8000 77043.7000
3886.9000 77086.6000
3888.0000 77129.5000
3889.1000 77172.4000
3890.2000 77215.3000
3891.3000 77258.2000
3892.4000 77301.1000
3893.5000 77344.0000
3894.6000 77386.9000
3895.7000 77429.8000
3896.8000 77472.7000
3897.9000 77515.6000
3899.0000 77558.5000
3900.1000 77601.4000
3901.2000 77644.3000
3902.3000 77687.2000
3903.4000 77730.1000
3904.5000 77773.0000
3905.6000 77815.9000
3906.7000 77858.8000
3907.8000 77901.7000
3908.9000 77944.6000
3910.0000 77987.5000
3911.1000 78030.4000
3912.2000 78073.3000
3913.3000 78116.2000
3914.4000 78159.1000
3915.5000 78202.0000
3916.6000 78244.9000
3917.7000 78287.8000
3918.8000 78330.7000
3919.9000 78373.6000
3921.0000 78416.5000
3922.1000 78459.4000
3923.2000 78502.3000
3924.3000 78545.2000
3925.4000 78588.1000
3926.5000 78631.0000
3927.6000 78673.9000
3928.7000 78716.8000
3929.8000 78759.7000
3930.9000 78802.6000
3932.0000 78845.5000
3933.1000 78888.4000
3934.2000 78931.3000
3935.3000 78974.2000
3936.4000 79017.1000
3937.5000 79060.0000
3938.6000 79102.9000
3939.7000 79145.8000
3940.8000 79188.7000
3941.9000 79231.6000
3943.0000 79274.5000
3944.1000 79317.4000
3945.2000 79360.3000
3946.3000 79403.2000
3947.4000 79446.1000
3948.5000 79489.0000
3949.6000 79531.9000
3950.7000 79574.8000
3951.8000 79617.7000
3952.9000 79660.6000
3954.0000 79703.5000
3955.1000 79746.4000
3956.2000 79789.3000
3957.3000 79832.2000
3958.4000 79875.1000
3959.5000 79918.0000
3960.6000 79960.9000
3961.7000 80003.8000
3962.8000 80046.7000
3963.9000 80089.6000
3965.0000 80132.5000
3966.1000 80175.4000
3967.2000 80218.3000
3968.3000 80261.2000
3969.4000 80304.1000
3970.5000 80347.0000
3971.6000 80389.9000
3972.7000 80432.8000
3973.8000 80475.7000
3974.9000 80518.6000
3976.0000 80561.5000
3977.1000 80604.4000
3978.2000 80647.3000
3979.3000 80690.2000
3980.4000 80733.1000
3981.5000 80776.0000
3982.6000 80818.9000
3983.7000 80861.8000
3984.8000 80904.7000
3985.9000 80947.6000
3987.0000 80990.5000
3988.1000 81033.4000
3989.2000 81076.3000
3990.3000 81119.2000
3991.4000 81162.1000
3992.5000 81205.0000
3993.6000 81247.9000
3994.7000 81290.8000
3995.8000 81333.7000
3996.9000 81376.6000
3998.0000 81419.5000
3999.1000 81462.4000
4000.2000 81505.3000
4001.3000 81548.2000
4002.4000 81591.1000
4003.5000 81634.0000
4004.6000 81676.9000
4005.7000 81719.8000
4006.8000 81762.7000
4007.9000 81805.6000
4009.0000 81848.5000
4010.1000 81891.4000
4011.2000 81934.3000
4012.3000 81977.2000
4013.4000 82020.1000
4014.5000 82063.0000
4015.6000 82105.9000
4016.7000 82148.8000
4017.8000 82191.7000
4018.9000 82234.6000
4020.0000 82277.5000
4021.1000 82320.4000
4022.2000 82363.3000
4023.3000 82406.2000
4024.4000 82449.1000
4025.5000 82492.0000
4026.6000 82534.9000
4027.7000 82577.8000
4028.8000 82620.7000
4029.9000 82663.6000
4031.0000 82706.5000
4032.1000 82749.4000
4033.2000 82792.3000
4034.3000 82835.2000
4035.4000 82878.1000
4036.5000 82921.0000
4037.6000 82963.9000
4038.7000 83006.8000
4039.8000 83049.7000
4040.9000 83092.6000
4042.0000 83135.5000
4043.1000 83178.4000
4044.2000 83221.3000
4045.3000 83265.1000
4046.4000 83308.3000
4047.5000 83351.2000
4048.6000 83394.1000
4049.7000 83437.0000
4050.8000 83479.9000
4051.9000 83522.8000
4053.0000 83565.7000
4054.1000 83608.6000
4055.2000 83651.5000
4056.3000 83694.4000
4057.4000 83737.3000
4058.5000 83780.2000
4059.6000 83823.1000
4060.7000 83866.0000
4061.8000 83908.9000
4062.9000 83951.8000
4064.0000 83994.7000
4065.1000 84038.3000
4066.2000 84082.3000
4067.3000 84126.3000
4068.4000 84170.3000
4069.5000 84214.3000
4070.6000 84258.3000
4071.7000 84303.3000
4072.8000 84348.4000
4073.9000 84392.6000
4075.0000 84436.6000
4076.1000 84480.6000
4077.2000 82548.2000
4078.3000 82592.2000
4079.4000 82636.0000
4080.5000 82678.9000
4081.6000 82722.1000
4082.7000 82765.9000
4083.8000 82808.8000
4084.9000 82852.1000
4086.0000 82896.1000
4087.1000 82939.8000
4088.2000 82982.7000
4089.3000 83025.6000
4090.4000 83068.5000
4091.5000 83112.1000
4092.6000 83156.1000
4093.7000 83199.5000
4094.8000 83242.4000
4095.9000 83285.3000
4096.9000 83324.3000
4097.9000 83363.3000
4098.9000 83402.3000
4099.9000 83441.3000
4100.9000 83480.3000
4101.9000 83519.3000
4102.9000 83558.3000
4103.9000 83597.3000
4104.9000 83636.3000
4105.9000 83675.3000
4106.9000 83714.3000
4107.9000 83753.3000
4108.9000 83792.3000
4109.9000 83831.3000
4110.9000 83870.3000
4111.9000 83909.3000
4112.9000 83948.3000
4113.9000 83987.3000
4114.9000 84026.3000
4115.9000 84065.3000
4116.9000 84104.3000
4117.9000 84143.3000
4118.9000 84182.3000
4119.9000 84221.3000
4120.9000 84260.3000
4121.9000 84299.3000
4122.9000 84338.3000
4123.9000 84377.3000
4124.9000 84416.3000
4125.9000 84455.3000
4126.9000 84494.3000
4127.9000 84533.3000
4128.9000 84572.3000
4129.9000 84611.3000
4130.9000 84650.3000
4131.9000 84689.3000
4132.9000 84728.3000
4133.9000 84767.3000
4134.9000 84806.3000
4135.9000 84845.3000
4136.9000 84884.3000
4137.9000 84923.3000
4138.9000 84962.3000
4139.9000 85001.3000
4140.9000 85040.3000
4141.9000 85079.3000
4142.9000 85118.4000
4143.9000 85159.4000
4144.9000 85200.4000
4145.9000 85241.4000
4146.9000 85282.4000
4147.9000 85323.4000
4148.9000 85364.4000
4149.9000 85407.9000
4150.9000 85451.9000
4151.9000 85495.9000
4152.9000 85539.9000
4153.9000 85583.9000
4154.9000 85627.9000
4155.9000 85671.9000
4156.9000 85715.9000
4157.9000 85759.9000
4158.9000 85803.9000
4159.9000 85847.9000
4160.9000 85891.9000
4161.9000 85935.9000
4162.9000 85979.9000
4163.9000 86023.9000
4164.9000 86067.9000
4165.9000 86111.9000
4166.9000 86155.9000
4167.9000 86199.9000
4168.9000 86243.9000
4169.9000 86287.9000
4170.9000 86331.9000
4171.9000 86375.9000
4172.9000 86419.9000
4173.9000 86463.9000
4174.9000 86507.9000
4175.9000 86551.9000
4176.9000 86595.9000
4177.9000 86639.9000
4178.9000 86683.9000
4179.9000 86727.9000
4180.9000 86771.9000
4181.9000 86815.9000
4182.9000 86859.9000
4183.9000 86903.9000
4184.9000 86947.9000
4185.9000 86991.9000
4186.9000 87035.9000
4187.9000 87079.9000
4188.9000 87123.9000
4189.9000 87167.9000
4190.9000 87211.9000
4191.9000 87255.9000
4192.9000 87299.9000
4193.9000 87343.9000
4194.9000 87387.9000
4195.9000 87431.9000
4196.9000 87475.9000
4197.9000 87519.9000
4198.9000 87563.9000
4199.9000 87607.9000
4200.9000 87651.9000
4201.9000 87695.9000
4202.9000 87739.9000
4203.9000 87783.9000
4204.9000 87827.9000
4205.9000 87871.9000
4206.9000 87915.9000
4207.9000 87959.9000
4208.9000 88003.9000
4209.9000 88047.9000
4210.9000 88091.9000
4211.9000 88135.9000
4212.9000 88179.9000
4213.9000 88226.6000
4214.9000 88274.6000
4215.9000 88322.6000
4216.9000 88370.6000
4217.9000 88418.6000
4218.9000 88466.6000
4219.9000 88514.6000
4220.9000 88562.6000
4221.9000 88610.6000
4222.9000 88658.6000
4223.9000 88706.6000
4224.9000 88754.6000
4225.9000 88802.6000
4226.9000 88850.6000
4227.9000 88898.6000
4228.9000 88946.6000
4229.9000 88994.6000
4230.9000 89042.6000
4231.9000 89090.6000
4232.9000 89138.6000
4233.9000 89186.6000
4234.9000 89234.6000
4235.9000 89282.6000
4236.9000 89330.6000
4237.9000 89378.6000
4238.9000 89426.6000
4239.9000 89474.6000
4240.9000 89522.6000
4241.9000 89570.6000
4242.9000 89618.6000
4243.9000 89666.6000
4244.9000 89714.6000
4245.9000 89762.6000
4246.9000 89810.6000
4247.9000 89858.6000
4248.9000 89906.6000
4249.9000 89954.6000
4250.9000 90002.6000
4251.9000 90050.6000
4252.9000 90098.6000
4253.9000 90146.6000
4254.9000 90194.6000
4255.9000 90242.6000
4256.9000 90290.6000
4257.9000 90338.6000
4258.9000 90386.6000
4259.9000 90434.6000
4260.9000 90482.6000
4261.9000 90530.6000
4262.9000 90578.6000
4263.9000 90626.6000
4264.9000 90674.6000
4265.9000 90722.6000
4266.9000 90770.6000
4267.9000 90818.6000
4268.9000 90866.6000
4269.9000 90914.6000
4270.9000 90962.6000
4271.9000 91010.6000
4272.9000 91058.6000
4273.9000 91106.6000
4274.9000 91154.6000
4275.9000 91202.6000
4276.9000 91250.6000
4277.9000 91298.6000
4278.9000 91346.6000
4279.9000 91394.6000
4280.9000 91442.6000
4281.9000 91490.6000
4282.9000 91538.6000
4283.9000 91586.6000
4284.9000 91634.6000
4285.9000 91682.6000
4286.9000 91730.6000
4287.9000 91778.6000
4288.9000 91826.6000
4289.9000 91874.6000
4290.9000 91922.6000
4291.9000 91970.6000
4292.9000 92018.6000
4293.9000 92066.6000
4294.9000 92114.6000
4295.9000 92162.6000
4296.9000 92210.6000
4297.9000 92258.6000
4298.9000 92306.6000
4299.9000 92354.6000
4300.9000 92402.6000
4301.9000 92450.6000
4302.9000 92498.6000
4303.9000 92546.6000
4304.9000 92594.6000
4305.9000 92642.6000
4306.9000 92690.6000
4307.9000 92738.6000
4308.9000 92786.6000
4309.9000 92834.6000
4310.9000 92882.6000
4311.9000 92930.6000
4312.9000 92978.6000
4313.9000 93026.6000
4314.9000 93074.6000
4315.9000 93122.6000
4316.9000 93170.6000
4317.9000 93218.6000
4318.9000 93266.6000
4319.9000 93314.6000
4320.9000 93362.6000
4321.9000 93410.6000
4322.9000 93458.6000
4323.9000 93506.6000
4324.9000 93554.6000
4325.9000 93602.6000
4326.9000 93650.6000
4327.9000 93698.6000
4328.9000 93746.6000
4329.9000 93794.6000
4330.9000 93842.6000
4331.9000 93890.6000
4332.9000 93938.6000
4333.9000 93986.6000
4334.9000 94034.6000
4335.9000 94082.6000
4336.9000 94130.6000
4337.9000 94178.6000
4338.9000 94226.6000
4339.9000 94274.6000
4340.9000 94322.6000
4341.9000 94370.6000
4342.9000 94418.6000
4343.9000 94466.6000
4344.9000 94514.6000
4345.9000 94562.6000
4346.9000 94610.6000
4347.9000 94658.6000
4348.9000 94706.6000
4349.9000 94754.6000
4350.9000 94802.6000
4351.9000 94850.6000
4352.9000 94898.6000
4353.9000 94946.6000
4354.9000 94994.6000
4355.9000 95042.6000
4356.9000 95090.6000
4357.9000 95138.6000
4358.9000 95186.6000
4359.9000 95234.6000
4360.9000 95282.6000
4361.9000 95330.6000
4362.9000 95378.6000
4363.9000 95426.6000
4364.9000 95474.6000
4365.9000 95522.6000
4366.9000 95570.6000
4367.9000 95618.6000
4368.9000 95666.6000
4369.9000 95714.6000
4370.9000 95762.6000
4371.9000 95810.6000
4372.9000 95858.6000
4373.9000 95906.6000
4374.9000 95954.6000
4375.9000 96002.6000
4376.9000 96050.6000
4377.9000 96098.6000
4378.9000 96146.6000
4379.9000 96194.6000
4380.9000 96242.6000
4381.9000 96290.6000
4382.9000 96338.6000
4383.9000 96386.6000
4384.9000 96434.6000
4385.9000 96482.6000
4386.9000 96530.6000
4387.9000 96578.6000
4388.9000 96626.6000
4389.9000 96674.6000
4390.9000 96722.6000
4391.9000 96770.6000
4392.9000 96818.6000
4393.9000 96866.6000
4394.9000 96914.6000
4395.9000 96962.6000
4396.9000 97010.6000
4397.9000 97058.6000
4398.9000 97106.6000
4399.9000 97154.6000
4400.9000 97202.6000
4401.9000 97250.6000
4402.9000 97298.6000
4403.9000 97346.6000
4404.9000 97394.6000
4405.9000 97442.6000
4406.9000 97490.6000
4407.9000 97538.6000
4408.9000 97586.6000
4409.9000 97634.6000
4410.9000 97682.6000
4411.9000 97730.6000
4412.9000 97778.6000
4413.9000 97826.6000
4414.9000 97874.6000
4415.9000 97922.6000
4416.9000 97970.6000
4417.9000 98018.6000
4418.9000 98066.6000
4419.9000 98114.6000
4420.9000 98162.6000
4421.9000 98210.6000
4422.9000 98258.6000
4423.9000 98306.6000
4424.9000 98354.6000
4425.9000 98402.6000
4426.9000 98450.6000
4427.9000 98498.6000
4428.9000 98546.6000
4429.9000 98594.6000
4430.9000 98642.6000
4431.9000 98690.6000
4432.9000 98738.6000
4433.9000 98786.6000
4434.9000 98834.6000
4435.9000 98882.6000
4436.9000 98930.6000
4437.9000 98978.6000
4438.9000 99026.6000
4439.9000 99074.6000
4440.9000 99122.6000
4441.9000 99170.6000
4442.9000 99218.6000
4443.9000 99266.6000
4444.9000 99314.6000
4445.9000 99362.6000
4446.9000 99410.6000
4447.9000 99458.6000
4448.9000 99506.6000
4449.9000 99554.6000
4450.9000 99602.6000
4451.9000 99650.6000
4452.9000 99698.6000
4453.9000 99746.6000
4454.9000 99794.6000
4455.9000 99842.6000
4456.9000 99890.6000
4457.9000 99938.6000
4458.9000 99986.6000
4459.9000 100034.6000
4460.9000 100082.6000
4461.9000 100130.6000
4462.9000 100178.6000
4463.9000 100226.6000
4464.9000 100274.6000
4465.9000 100322.6000
4466.9000 100370.6000
4467.9000 100418.6000
4468.9000 100466.6000
4469.9000 100514.6000
4470.9000 100562.6000
4471.9000 100610.6000
4472.9000 100658.6000
4473.9000 100706.6000
4474.9000 100754.6000
4475.9000 100802.6000
4476.9000 100850.6000
4477.9000 100898.6000
4478.9000 100946.6000
4479.9000 100994.6000
4480.9000 101042.6000
4481.9000 101090.6000
4482.9000 101138.6000
4483.9000 101186.6000
4484.9000 101234.6000
4485.9000 101282.6000
4486.9000 101330.6000
4487.9000 101378.6000
4488.9000 101426.6000
4489.9000 101474.6000
4490.9000 101522.6000
4491.9000 101570.6000
4492.9000 101618.6000
4493.9000 101666.6000
4494.9000 101714.6000
4495.9000 101762.6000
4496.9000 101810.6000
4497.9000 101858.6000
4498.9000 101906.6000
4499.9000 101954.6000
4500.9000 102002.6000
4501.9000 102050.6000
4502.9000 102098.6000
4503.9000 102146.6000
4504.9000 102194.6000
4505.9000 102242.6000
4506.9000 102290.6000
4507.9000 102338.6000
4508.9000 102386.6000
4509.9000 102434.6000
4510.9000 102482.6000
4511.9000 102530.6000
4512.9000 102578.6000
4513.9000 102626.6000
4514.9000 102674.6000
4515.9000 102722.6000
4516.9000 102770.6000
4517.9000 102818.6000
4518.9000 102866.6000
4519.9000 102914.6000
4520.9000 102962.6000
4521.9000 103010.6000
4522.9000 103058.6000
4523.9000 103106.6000
4524.9000 103154.6000
4525.9000 103202.6000
4526.9000 103250.6000
4527.9000 103298.6000
4528.9000 103346.6000
4529.9000 103394.6000
4530.9000 103442.6000
4531.9000 103490.6000
4532.9000 103538.6000
4533.9000 103586.6000
4534.9000 103634.6000
4535.9000 103682.6000
4536.9000 103730.6000
4537.9000 103778.6000
4538.9000 103826.6000
4539.9000 103874.6000
4540.9000 103922.6000
4541.9000 103970.6000
4542.9000 104018.6000
4543.9000 104066.6000
4544.9000 104114.6000
4545.9000 104162.6000
4546.9000 104210.6000
4547.9000 104258.6000
4548.9000 104306.6000
4549.9000 104354.6000
4550.9000 104402.6000
4551.9000 104450.6000
4552.9000 104498.6000
4553.9000 104546.6000
4554.9000 104594.6000
4555.9000 104642.6000
4556.9000 104690.6000
4557.9000 104738.6000
4558.9000 104786.6000
4559.9000 104834.6000
4560.9000 104882.6000
4561.9000 104930.6000
4562.9000 104978.6000
4563.9000 105026.6000
4564.9000 105074.6000
4565.9000 105122.6000
4566.9000 105170.6000
4567.9000 105218.6000
4568.9000 105266.6000
4569.9000 105314.6000
4570.9000 105362.6000
4571.9000 105410.6000
4572.9000 105458.6000
4573.9000 105506.6000
4574.9000 105554.6000
4575.9000 105602.6000
4576.9000 105650.6000
4577.9000 105698.6000
4578.9000 105746.6000
4579.9000 105794.6000
4580.9000 105842.6000
4581.9000 105890.6000
4582.9000 105938.6000
4583.9000 105986.6000
4584.9000 106034.6000
4585.9000 106082.6000
4586.9000 106130.6000
4587.9000 106178.6000
4588.9000 106226.6000
4589.9000 106274.6000
4590.9000 106322.6000
4591.9000 106370.6000
4592.9000 106418.6000
4593.9000 106466.6000
4594.9000 106514.6000
4595.9000 106562.6000
4596.9000 106610.6000
4597.9000 106658.6000
4598.9000 106706.6000
4599.9000 106754.6000
4600.9000 106802.6000
4601.9000 106850.6000
4602.9000 106898.6000
4603.9000 106946.6000
4604.9000 106994.6000
4605.9000 107042.6000
4606.9000 107090.6000
4607.9000 107138.6000
4608.9000 107186.6000
4609.9000 107234.6000
4610.9000 107282.6000
4611.9000 107330.6000
4612.9000 107378.6000
4613.9000 107426.6000
4614.9000 107474.6000
4615.9000 107522.6000
4616.9000 107570.6000
4617.9000 107618.6000
4618.9000 107666.6000
4619.9000 107714.6000
4620.9000 107762.6000
4621.9000 107810.6000
4622.9000 107858.6000
4623.9000 107906.6000
4624.9000 107954.6000
4625.9000 108002.6000
4626.9000 108050.6000
4627.9000 108098.6000
4628.9000 108146.6000
4629.9000 108194.6000
4630.9000 108242.6000
4631.9000 108290.6000
4632.9000 108338.6000
4633.9000 108386.6000
4634.9000 108434.6000
4635.9000 108482.6000
4636.9000 108530.6000
4637.9000 108578.6000
4638.9000 108626.6000
4639.9000 108674.6000
4640.9000 108722.6000
4641.9000 108770.6000
4642.9000 108818.6000
4643.9000 108866.6000
4644.9000 108914.6000
4645.9000 108962.6000
4646.9000 109010.6000
4647.9000 109058.6000
4648.9000 109106.6000
4649.9000 109154.6000
4650.9000 109202.6000
4651.9000 109250.6000
4652.9000 109298.6000
4653.9000 109346.6000
4654.9000 109394.6000
4655.9000 109442.6000
4656.9000 109490.6000
4657.9000 109538.6000
4658.9000 109586.6000
4659.9000 109634.6000
4660.9000 109682.6000
4661.9000 109730.6000
4662.9000 109778.6000
4663.9000 109826.6000
4664.9000 109874.6000
4665.9000 109922.6000
4666.9000 109970.6000
4667.9000 110018.6000
4668.9000 110066.6000
4669.9000 110114.6000
4670.9000 110162.6000
4671.9000 110210.6000
4672.9000 110258.6000
4673.9000 110306.6000
4674.9000 110354.6000
4675.9000 110402.6000
4676.9000 110450.6000
4677.9000 110498.6000
4678.9000 110546.6000
4679.9000 110594.6000
4680.9000 110642.6000
4681.9000 110690.6000
4682.9000 110738.6000
4683.9000 110786.6000
4684.9000 110834.6000
4685.9000 110882.6000
4686.9000 110930.6000
4687.9000 110978.6000
4688.9000 111026.6000
4689.9000 111074.6000
4690.9000 111122.6000
4691.9000 111170.6000
4692.9000 111218.6000
4693.9000 111266.6000
4694.9000 111314.6000
4695.9000 111362.6000
4696.9000 111410.6000
4697.9000 111458.6000
4698.9000 111506.6000
4699.9000 111554.6000
4700.9000 111602.6000
4701.9000 111650.6000
4702.9000 111698.6000
4703.9000 111746.6000
4704.9000 111794.6000
4705.9000 111842.6000
4706.9000 111890.6000
4707.9000 111938.6000
4708.9000 111986.6000
4709.9000 112034.6000
4710.9000 112082.6000
4711.9000 112130.6000
4712.9000 112178.6000
4713.9000 112226.6000
4714.9000 112274.6000
4715.9000 112322.6000
4716.9000 112370.6000
4717.9000 112418.6000
4718.9000 112466.6000
4719.9000 112514.6000
4720.9000 112562.6000
4721.9000 112610.6000
4722.9000 112658.6000
4723.9000 112706.6000
4724.9000 112754.6000
4725.9000 112802.6000
4726.9000 112850.6000
4727.9000 112898.6000
4728.9000 112946.6000
4729.9000 112994.6000
4730.9000 113042.6000
4731.9000 113090.6000
4732.9000 113138.6000
4733.9000 113186.6000
4734.9000 113234.6000
4735.9000 113282.6000
4736.9000 113330.6000
4737.9000 113378.6000
4738.9000 113426.6000
4739.9000 113474.6000
4740.9000 113522.6000
4741.9000 113570.6000
4742.9000 113618.6000
4743.9000 113666.6000
4744.9000 113714.6000
4745.9000 113762.6000
4746.9000 113810.6000
4747.9000 113858.6000
4748.9000 113906.6000
4749.9000 113954.6000
4750.9000 114002.6000
4751.9000 114050.6000
4752.9000 114098.6000
4753.9000 114146.6000
4754.9000 114194.6000
4755.9000 114242.6000
4756.9000 114290.6000
4757.9000 114338.6000
4758.9000 114386.6000
4759.9000 114434.6000
4760.9000 114482.6000
4761.9000 114530.6000
4762.9000 114578.6000
4763.9000 114626.6000
4764.9000 114674.6000
4765.9000 114722.6000
4766.9000 114770.6000
4767.9000 114818.6000
4768.9000 114866.6000
4769.9000 114914.6000
4770.9000 114962.6000
4771.9000 115010.6000
4772.9000 115058.6000
4773.9000 115106.6000
4774.9000 115154.6000
4775.9000 115202.6000
4776.9000 115250.6000
4777.9000 115298.6000
4778.9000 115346.6000
4779.9000 115394.6000
4780.9000 115442.6000
4781.9000 115490.6000
4782.9000 115538.6000
4783.9000 115586.6000
4784.9000 115634.6000
4785.9000 115682.6000
4786.9000 115730.6000
4787.9000 115778.6000
4788.9000 115826.6000
4789.9000 115874.6000
4790.9000 115922.6000
4791.9000 115970.6000
4792.9000 116018.6000
4793.9000 116066.6000
4794.9000 116114.6000
4795.9000 116162.6000
4796.9000 116210.6000
4797.9000 116258.6000
4798.9000 116306.6000
4799.9000 116354.6000
4800.9000 116402.6000
4801.9000 116450.6000
4802.9000 116498.6000
4803.9000 116546.6000
4804.9000 116594.6000
4805.9000 116642.6000
4806.9000 116690.6000
4807.9000 116738.6000
4808.9000 116786.6000
4809.9000 116834.6000
4810.9000 116882.6000
4811.9000 116930.6000
4812.9000 116978.6000
4813.9000 117026.6000
4814.9000 117074.6000
4815.9000 117122.6000
4816.9000 117170.6000
4817.9000 117218.6000
4818.9000 117266.6000
4819.9000 117314.6000
4820.9000 117362.6000
4821.9000 117410.6000
4822.9000 117458.6000
4823.9000 117506.6000
4824.9000 117554.6000
4825.9000 117602.6000
4826.9000 117650.6000
4827.9000 117698.6000
4828.9000 117746.6000
4829.9000 117794.6000
4830.9000 117842.6000
4831.9000 117890.6000
4832.9000 117938.6000
4833.9000 117986.6000
4834.9000 118034.6000
4835.9000 118082.6000
4836.9000 118130.6000
4837.9000 118178.6000
4838.9000 118226.6000
4839.9000 118274.6000
4840.9000 118322.6000
4841.9000 118370.6000
4842.9000 118418.6000
4843.9000 118466.6000
4844.9000 118514.6000
4845.9000 118562.6000
4846.9000 118610.6000
4847.9000 118658.6000
4848.9000 118706.6000
4849.9000 118754.6000
4850.9000 118802.6000
4851.9000 118850.6000
4852.9000 118898.6000
4853.9000 118946.6000
4854.9000 118994.6000
4855.9000 119042.6000
4856.9000 119090.6000
4857.9000 119138.6000
4858.9000 119186.6000
4859.9000 119234.6000
4860.9000 119282.6000
4861.9000 119330.6000
4862.9000 119378.6000
4863.9000 119426.6000
4864.9000 119474.6000
4865.9000 119522.6000
4866.9000 119570.6000
4867.9000 119618.6000
4868.9000 119666.6000
4869.9000 119714.6000
4870.9000 119762.6000
4871.9000 119810.6000
4872.9000 119858.6000
4873.9000 119906.6000
4874.9000 119954.6000
4875.9000 120002.6000
4876.9000 120050.6000
4877.9000 120098.6000
4878.9000 120146.6000
4879.9000 120194.6000
4880.9000 120242.6000
4881.9000 120290.6000
4882.9000 120338.6000
4883.9000 120386.6000
4884.9000 120434.6000
4885.9000 120482.6000
4886.9000 120530.6000
4887.9000 120578.6000
4888.9000 120626.6000
4889.9000 120674.6000
4890.9000 120722.6000
4891.9000 120770.6000
4892.9000 120818.6000
4893.9000 120866.6000
4894.9000 120914.6000
4895.9000 120962.6000
4896.9000 121010.6000
4897.9000 121058.6000
4898.9000 121106.6000
4899.9000 121154.6000
4900.9000 121202.6000
4901.9000 121250.6000
4902.9000 121298.6000
4903.9000 121346.6000
4904.9000 121394.6000
4905.9000 121442.6000
4906.9000 121490.6000
4907.9000 121538.6000
4908.9000 121586.6000
4909.9000 121634.6000
4910.9000 121682.6000
4911.9000 121730.6000
4912.9000 121778.6000
4913.9000 121826.6000
4914.9000 121874.6000
4915.9000 121922.6000
4916.9000 121970.6000
4917.9000 122018.6000
4918.9000 122066.6000
4919.9000 122114.6000
4920.9000 122162.6000
4921.9000 122210.6000
4922.9000 122258.6000
4923.9000 122306.6000
4924.9000 122354.6000
4925.9000 122402.6000
4926.9000 122450.6000
4927.9000 122498.6000
4928.9000 122546.6000
4929.9000 122594.6000
4930.9000 122642.6000
4931.9000 122690.6000
4932.9000 122738.6000
4933.9000 122786.6000
4934.9000 122834.6000
4935.9000 122882.6000
4936.9000 122930.6000
4937.9000 122978.6000
4938.9000 123026.6000
4939.9000 123074.6000
4940.9000 123122.6000
4941.9000 123170.6000
4942.9000 123218.6000
4943.9000 123266.6000
4944.9000 123314.6000
4945.9000 123362.6000
4946.9000 123410.6000
4947.9000 123458.6000
4948.9000 123506.6000
4949.9000 123554.6000
4950.9000 123602.6000
4951.9000 123650.6000
4952.9000 123698.6000
4953.9000 123746.6000
4954.9000 123794.6000
4955.9000 123842.6000
4956.9000 123890.6000
4957.9000 123938.6000
4958.9000 123986.6000
4959.9000 124034.6000
4960.9000 124082.6000
4961.9000 124130.6000
4962.9000 124178.6000
4963.9000 124226.6000
4964.9000 124274.6000
4965.9000 124322.6000
4966.9000 124370.6000
4967.9000 124418.6000
4968.9000 124466.6000
4969.9000 124514.6000
4970.9000 124562.6000
4971.9000 124610.6000
4972.9000 124658.6000
4973.9000 124706.6000
4974.9000 124754.6000
4975.9000 124802.6000
4976.9000 124850.6000
4977.9000 124898.6000
4978.9000 124946.6000
4979.9000 124994.6000
4980.9000 125042.6000
4981.9000 125090.6000
4982.9000 125138.6000
4983.9000 125186.6000
4984.9000 125234.6000
4985.9000 125282.6000
4986.9000 125330.6000
4987.9000 125378.6000
4988.9000 125426.6000
4989.9000 125474.6000
4990.9000 125522.6000
4991.9000 125570.6000
4992.9000 125618.6000
4993.9000 125666.6000
4994.9000 125714.6000
4995.9000 125762.6000
4996.9000 125810.6000
4997.9000 125858.6000
4998.9000 125906.6000
4999.9000 125954.6000
5000.9000 126002.6000
5001.9000 126050.6000
5002.9000 126098.6000
5003.9000 126146.6000
5004.9000 126194.6000
5005.9000 126242.6000
5006.9000 126290.6000
5007.9000 126338.6000
5008.9000 126386.6000
5009.9000 126434.6000
5010.9000 126482.6000
5011.9000 126530.6000
5012.9000 126578.6000
5013.9000 126626.6000
5014.9000 126674.6000
5015.9000 126722.6000
5016.9000 126770.6000
5017.9000 126818.6000
5018.9000 126866.6000
5019.9000 126914.6000
5020.9000 126962.6000
5021.9000 127010.6000
5022.9000 127058.6000
5023.9000 127106.6000
5024.9000 127154.6000
5025.9000 127202.6000
5026.9000 127250.6000
5027.9000 127298.6000
5028.9000 127346.6000
5029.9000 127394.6000
5030.9000 127442.6000
5031.9000 127490.6000
5032.9000 127538.6000
5033.9000 127586.6000
5034.9000 127634.6000
5035.9000 127682.6000
5036.9000 127730.6000
5037.9000 127778.6000
5038.9000 127826.6000
5039.9000 127874.6000
5040.9000 127922.6000
5041.9000 127970.6000
5042.9000 128018.6000
5043.9000 128066.6000
5044.9000 128114.6000
5045.9000 128162.6000
5046.9000 128210.6000
5047.9000 128258.6000
5048.9000 128306.6000
5049.9000 128354.6000
5050.9000 128402.6000
5051.9000 128450.6000
5052.9000 128498.6000
5053.9000 128546.6000
5054.9000 128594.6000
5055.9000 128642.6000
5056.9000 128690.6000
5057.9000 128738.6000
5058.9000 128786.6000
5059.9000 128834.6000
5060.9000 128882.6000
5061.9000 128930.6000
5062.9000 128978.6000
5063.9000 129026.6000
5064.9000 129074.6000
5065.9000 129122.6000
5066.9000 129170.6000
5067.9000 129218.6000
5068.9000 129266.6000
5069.9000 129314.6000
5070.9000 129362.6000
5071.9000 129410.6000
5072.9000 129458.6000
5073.9000 129507.6000
5074.9000 129556.6000
5075.9000 129605.6000
5076.9000 129654.6000
5077.9000 129703.6000
5078.9000 129752.6000
